% Combine joe 2388: gps_2016_07_04_14_03_38.txt
% Time, GPS time, lat, lon, altitude, speed, bearing, accuracy
2016/07/04 14:05:30, 1467655530007, 40.60013185, -102.35287112, 1132.699951171875, 0.0, 0.0, 109.0
2016/07/04 14:05:31, 1467655531033, 40.60012633, -102.35285273, 1129.9000244140625, 0.0, 0.0, 90.0
2016/07/04 14:05:32, 1467655532029, 40.60012026, -102.35283286, 1126.800048828125, 0.0, 0.0, 80.0
2016/07/04 14:05:33, 1467655533022, 40.60011789, -102.3528259, 1125.800048828125, 0.0, 0.0, 73.0
2016/07/04 14:05:34, 1467655534041, 40.60010891, -102.35279685, 1121.300048828125, 0.0, 0.0, 67.0
2016/07/04 14:05:35, 1467655535016, 40.60010787, -102.35279353, 1120.800048828125, 0.0, 0.0, 59.0
2016/07/04 14:05:36, 1467655536002, 40.60011437, -102.35281545, 1124.199951171875, 0.0, 0.0, 55.0
2016/07/04 14:05:37, 1467655537002, 40.60010544, -102.35278684, 1119.800048828125, 0.0, 0.0, 50.0
2016/07/04 14:05:37, 1467655537998, 40.60010105, -102.3527727, 1117.699951171875, 0.0, 0.0, 49.0
2016/07/04 14:05:39, 1467655539005, 40.60010007, -102.35276983, 1117.199951171875, 0.0, 0.0, 46.0
2016/07/04 14:05:40, 1467655540003, 40.60009846, -102.35276574, 1116.5999755859375, 0.0, 0.0, 44.0
2016/07/04 14:05:41, 1467655541006, 40.60009835, -102.35279499, 1122.0999755859375, 0.0, 0.0, 37.0
2016/07/04 14:05:42, 1467655542007, 40.60009814, -102.35278794, 1120.800048828125, 0.0, 0.0, 32.0
2016/07/04 14:05:43, 1467655543056, 40.60009873, -102.35279258, 1121.5999755859375, 0.0, 0.0, 29.0
2016/07/04 14:05:44, 1467655544002, 40.60010382, -102.35282342, 1126.699951171875, 0.0, 0.0, 26.0
2016/07/04 14:05:44, 1467655544997, 40.6001058, -102.35283663, 1129.0, 0.0, 0.0, 23.0
2016/07/04 14:05:45, 1467655545998, 40.60010555, -102.35283888, 1129.4000244140625, 0.0, 0.0, 21.0
2016/07/04 14:05:47, 1467655547004, 40.60010801, -102.35285347, 1131.9000244140625, 0.0, 0.0, 19.0
2016/07/04 14:05:47, 1467655547997, 40.60010449, -102.35284194, 1130.0999755859375, 0.0, 0.0, 16.0
2016/07/04 14:05:49, 1467655549001, 40.60010351, -102.35284012, 1129.9000244140625, 0.0, 0.0, 14.0
2016/07/04 14:05:50, 1467655550000, 40.60010493, -102.35284454, 1130.5, 0.0, 0.0, 13.0
2016/07/04 14:05:51, 1467655551013, 40.60010624, -102.35284967, 1131.300048828125, 0.0, 0.0, 13.0
2016/07/04 14:05:52, 1467655552006, 40.60010668, -102.35285417, 1132.0999755859375, 0.0, 0.0, 12.0
2016/07/04 14:05:53, 1467655553008, 40.60010691, -102.35285684, 1132.5999755859375, 0.0, 0.0, 11.0
2016/07/04 14:05:54, 1467655554015, 40.60010716, -102.35285875, 1132.9000244140625, 0.0, 0.0, 10.0
2016/07/04 14:05:55, 1467655555011, 40.60010717, -102.35285946, 1133.0, 0.0, 0.0, 10.0
2016/07/04 14:05:56, 1467655556004, 40.60010744, -102.3528614, 1133.300048828125, 0.0, 0.0, 9.0
2016/07/04 14:05:57, 1467655557023, 40.60010753, -102.35286219, 1133.5, 0.0, 0.0, 9.0
2016/07/04 14:05:58, 1467655558022, 40.60010754, -102.35286232, 1133.5, 0.0, 0.0, 9.0
2016/07/04 14:05:59, 1467655559045, 40.60011214, -102.35287502, 1134.9000244140625, 0.0, 0.0, 8.0
2016/07/04 14:06:00, 1467655560005, 40.60011805, -102.35289184, 1136.9000244140625, 0.0, 0.0, 8.0
2016/07/04 14:06:00, 1467655560990, 40.60011769, -102.35289053, 1136.699951171875, 0.0, 0.0, 8.0
2016/07/04 14:06:01, 1467655561994, 40.60011925, -102.35289628, 1137.5, 0.0, 0.0, 8.0
2016/07/04 14:06:02, 1467655562995, 40.60011816, -102.35289104, 1136.699951171875, 0.0, 0.0, 9.0
2016/07/04 14:06:03, 1467655563997, 40.60011806, -102.35288939, 1136.4000244140625, 0.0, 0.0, 8.0
2016/07/04 14:06:04, 1467655564994, 40.60011997, -102.35289685, 1137.4000244140625, 0.0, 0.0, 8.0
2016/07/04 14:06:06, 1467655566035, 40.60012094, -102.3529, 1137.800048828125, 0.0, 0.0, 9.0
2016/07/04 14:06:06, 1467655566990, 40.60012251, -102.35290412, 1138.300048828125, 0.0, 0.0, 10.0
2016/07/04 14:06:07, 1467655567994, 40.60012177, -102.35289914, 1137.4000244140625, 0.0, 0.0, 10.0
2016/07/04 14:06:08, 1467655568995, 40.60012134, -102.35289663, 1137.0, 0.0, 0.0, 11.0
2016/07/04 14:06:10, 1467655570006, 40.60012166, -102.35289777, 1137.199951171875, 0.0, 0.0, 11.0
2016/07/04 14:06:10, 1467655570990, 40.60012162, -102.35289774, 1137.199951171875, 0.0, 0.0, 10.0
2016/07/04 14:06:11, 1467655571997, 40.60012159, -102.35289785, 1137.199951171875, 0.0, 0.0, 9.0
2016/07/04 14:06:12, 1467655572990, 40.60012154, -102.3528983, 1137.300048828125, 0.0, 0.0, 9.0
2016/07/04 14:06:13, 1467655573996, 40.60012141, -102.3528981, 1137.300048828125, 0.0, 0.0, 9.0
2016/07/04 14:06:14, 1467655574995, 40.60012139, -102.35289825, 1137.300048828125, 0.0, 0.0, 9.0
2016/07/04 14:06:15, 1467655575995, 40.60012136, -102.35289822, 1137.300048828125, 0.0, 0.0, 9.0
2016/07/04 14:06:17, 1467655577004, 40.60012129, -102.35289829, 1137.300048828125, 0.0, 0.0, 9.0
2016/07/04 14:06:17, 1467655577998, 40.60012135, -102.35289884, 1137.4000244140625, 0.0, 0.0, 8.0
2016/07/04 14:06:19, 1467655579024, 40.60012134, -102.35289905, 1137.4000244140625, 0.0, 0.0, 7.0
2016/07/04 14:06:19, 1467655579997, 40.60012142, -102.35289949, 1137.5, 0.0, 0.0, 7.0
2016/07/04 14:06:21, 1467655581004, 40.60012133, -102.35289909, 1137.4000244140625, 0.0, 0.0, 7.0
2016/07/04 14:06:22, 1467655582042, 40.60012146, -102.35289958, 1137.5, 0.0, 0.0, 8.0
2016/07/04 14:06:22, 1467655582991, 40.60012156, -102.3529, 1137.5999755859375, 0.0, 0.0, 9.0
2016/07/04 14:06:24, 1467655584006, 40.60012154, -102.35289982, 1137.5, 0.0, 0.0, 9.0
2016/07/04 14:06:25, 1467655585014, 40.6001215, -102.35289996, 1137.5, 0.0, 0.0, 8.0
2016/07/04 14:06:26, 1467655586020, 40.60012165, -102.35290067, 1137.5999755859375, 0.0, 0.0, 7.0
2016/07/04 14:06:27, 1467655587016, 40.60012171, -102.35290059, 1137.5999755859375, 0.0, 0.0, 7.0
2016/07/04 14:06:28, 1467655588034, 40.60012162, -102.3529001, 1137.5, 0.0, 0.0, 7.0
2016/07/04 14:06:29, 1467655589050, 40.60012168, -102.35290017, 1137.5, 0.0, 0.0, 6.0
2016/07/04 14:06:29, 1467655589989, 40.60012166, -102.35290044, 1137.5999755859375, 0.0, 0.0, 7.0
2016/07/04 14:06:30, 1467655590988, 40.6001217, -102.35290045, 1137.5999755859375, 0.0, 0.0, 8.0
2016/07/04 14:06:31, 1467655591994, 40.60012172, -102.35290052, 1137.5999755859375, 0.0, 0.0, 9.0
2016/07/04 14:06:32, 1467655592994, 40.6001217, -102.35290038, 1137.5999755859375, 0.0, 0.0, 8.0
2016/07/04 14:06:33, 1467655593996, 40.60012168, -102.35290037, 1137.5, 0.0, 0.0, 9.0
2016/07/04 14:06:34, 1467655594995, 40.60012161, -102.35290029, 1137.5, 0.0, 0.0, 8.0
2016/07/04 14:06:35, 1467655595990, 40.60012171, -102.35290029, 1137.5, 0.0, 0.0, 7.0
2016/07/04 14:06:36, 1467655596995, 40.60012164, -102.35290006, 1137.5, 0.0, 0.0, 8.0
2016/07/04 14:06:37, 1467655597996, 40.60012161, -102.3529, 1137.5, 0.0, 0.0, 8.0
2016/07/04 14:06:38, 1467655598994, 40.60012159, -102.35290029, 1137.5, 0.0, 0.0, 8.0
2016/07/04 14:06:39, 1467655599995, 40.60012156, -102.3529002, 1137.5, 0.0, 0.0, 8.0
2016/07/04 14:06:40, 1467655600996, 40.60012171, -102.35290046, 1137.5999755859375, 0.0, 0.0, 8.0
2016/07/04 14:06:41, 1467655601991, 40.60012164, -102.35290051, 1137.5999755859375, 0.0, 0.0, 8.0
2016/07/04 14:06:42, 1467655602996, 40.60012164, -102.3529005, 1137.5999755859375, 0.0, 0.0, 9.0
2016/07/04 14:06:43, 1467655603998, 40.60012161, -102.35290048, 1137.5999755859375, 0.0, 0.0, 9.0
2016/07/04 14:06:44, 1467655604993, 40.6001216, -102.35290047, 1137.5999755859375, 0.0, 0.0, 8.0
2016/07/04 14:06:45, 1467655605991, 40.60012155, -102.35290034, 1137.5, 0.0, 0.0, 7.0
2016/07/04 14:06:47, 1467655607003, 40.60012154, -102.3529003, 1137.5, 0.0, 0.0, 7.0
2016/07/04 14:06:47, 1467655607991, 40.60012161, -102.35290027, 1137.5, 0.0, 0.0, 7.0
2016/07/04 14:06:49, 1467655609005, 40.60012159, -102.35290032, 1137.5, 0.0, 0.0, 7.0
2016/07/04 14:06:49, 1467655609999, 40.60012161, -102.35290053, 1137.5999755859375, 0.0, 0.0, 8.0
2016/07/04 14:06:50, 1467655610990, 40.60012159, -102.35290087, 1137.5999755859375, 0.0, 0.0, 8.0
2016/07/04 14:06:51, 1467655611996, 40.60012157, -102.35290069, 1137.5999755859375, 0.0, 0.0, 7.0
2016/07/04 14:06:52, 1467655612995, 40.60012172, -102.3529008, 1137.5999755859375, 0.0, 0.0, 7.0
2016/07/04 14:06:53, 1467655613990, 40.60012171, -102.35290084, 1137.5999755859375, 0.0, 0.0, 7.0
2016/07/04 14:06:54, 1467655614997, 40.60012168, -102.35290091, 1137.5999755859375, 0.0, 0.0, 8.0
2016/07/04 14:06:56, 1467655616036, 40.60012171, -102.35290078, 1137.5999755859375, 0.0, 0.0, 8.0
2016/07/04 14:06:57, 1467655617038, 40.60012174, -102.35290089, 1137.5999755859375, 0.0, 0.0, 7.0
2016/07/04 14:06:58, 1467655618012, 40.60012153, -102.35290048, 1137.5, 0.0, 0.0, 7.0
2016/07/04 14:06:59, 1467655619023, 40.60012128, -102.35289977, 1137.4000244140625, 0.0, 0.0, 6.0
2016/07/04 14:06:59, 1467655619993, 40.60012082, -102.35289845, 1137.199951171875, 0.0, 0.0, 6.0
2016/07/04 14:07:00, 1467655620988, 40.6001205, -102.35289752, 1137.0999755859375, 0.0, 0.0, 6.0
2016/07/04 14:07:01, 1467655621988, 40.60012054, -102.35289759, 1137.0999755859375, 0.0, 0.0, 6.0
2016/07/04 14:07:02, 1467655622995, 40.6001206, -102.35289746, 1137.0999755859375, 0.0, 0.0, 7.0
2016/07/04 14:07:03, 1467655623990, 40.60012064, -102.35289775, 1137.0999755859375, 0.0, 0.0, 8.0
2016/07/04 14:07:04, 1467655624995, 40.60012051, -102.35289762, 1137.0999755859375, 0.0, 0.0, 7.0
2016/07/04 14:07:05, 1467655625996, 40.60012056, -102.35289826, 1137.199951171875, 0.0, 0.0, 6.0
2016/07/04 14:07:06, 1467655626995, 40.60012051, -102.35289834, 1137.300048828125, 0.0, 0.0, 6.0
2016/07/04 14:07:07, 1467655627997, 40.60012044, -102.35289824, 1137.300048828125, 0.0, 0.0, 5.0
2016/07/04 14:07:08, 1467655628996, 40.60012051, -102.35289839, 1137.300048828125, 0.0, 0.0, 5.0
2016/07/04 14:07:09, 1467655629996, 40.60012066, -102.35289867, 1137.300048828125, 0.0, 0.0, 5.0
2016/07/04 14:07:10, 1467655630996, 40.60012056, -102.35289849, 1137.300048828125, 0.0, 0.0, 5.0
2016/07/04 14:07:12, 1467655632026, 40.60011865, -102.35289401, 1136.5999755859375, 0.0, 0.0, 5.0
2016/07/04 14:07:12, 1467655632995, 40.60011963, -102.35289655, 1137.0, 0.0, 0.0, 4.0
2016/07/04 14:07:14, 1467655634002, 40.60012195, -102.35290204, 1137.9000244140625, 0.0, 0.0, 4.0
2016/07/04 14:07:15, 1467655635010, 40.600121, -102.3529001, 1137.5999755859375, 0.0, 0.0, 4.0
2016/07/04 14:07:16, 1467655636005, 40.60012091, -102.35289997, 1137.5999755859375, 0.0, 0.0, 4.0
2016/07/04 14:07:17, 1467655637005, 40.60012119, -102.35290038, 1137.5999755859375, 0.0, 0.0, 4.0
2016/07/04 14:07:18, 1467655638001, 40.60011511, -102.35288607, 1135.5, 0.0, 0.0, 4.0
2016/07/04 14:07:19, 1467655639014, 40.60011495, -102.3528862, 1135.5, 0.0, 0.0, 4.0
2016/07/04 14:07:20, 1467655640024, 40.60011283, -102.35288194, 1134.9000244140625, 0.0, 0.0, 4.0
2016/07/04 14:07:21, 1467655641035, 40.60011118, -102.35287832, 1134.300048828125, 0.0, 0.0, 4.0
2016/07/04 14:07:22, 1467655642009, 40.60010849, -102.35287205, 1133.4000244140625, 0.0, 0.0, 4.0
2016/07/04 14:07:23, 1467655643070, 40.60010704, -102.35286847, 1132.9000244140625, 0.0, 0.0, 4.0
2016/07/04 14:07:24, 1467655644019, 40.60010582, -102.35286558, 1132.5, 0.0, 0.0, 4.0
2016/07/04 14:07:25, 1467655645022, 40.60010449, -102.3528625, 1132.0, 0.0, 0.0, 4.0
2016/07/04 14:07:26, 1467655646016, 40.60010394, -102.35286142, 1131.800048828125, 0.0, 0.0, 3.0
2016/07/04 14:07:27, 1467655647031, 40.60010336, -102.35285991, 1131.5999755859375, 0.0, 0.0, 3.0
2016/07/04 14:07:28, 1467655648020, 40.60010289, -102.35285848, 1131.4000244140625, 0.0, 0.0, 4.0
2016/07/04 14:07:29, 1467655649030, 40.60010276, -102.35285797, 1131.300048828125, 0.0, 0.0, 4.0
2016/07/04 14:07:29, 1467655649996, 40.60010263, -102.35285731, 1131.199951171875, 0.0, 0.0, 4.0
2016/07/04 14:07:30, 1467655650995, 40.60010254, -102.35285696, 1131.199951171875, 0.0, 0.0, 4.0
2016/07/04 14:07:31, 1467655651991, 40.60010264, -102.35285748, 1131.199951171875, 0.0, 0.0, 4.0
2016/07/04 14:07:32, 1467655652991, 40.60010265, -102.35285753, 1131.300048828125, 0.0, 0.0, 4.0
2016/07/04 14:07:33, 1467655653993, 40.60010271, -102.35285763, 1131.300048828125, 0.0, 0.0, 4.0
2016/07/04 14:07:34, 1467655654988, 40.60010261, -102.35285754, 1131.300048828125, 0.0, 0.0, 4.0
2016/07/04 14:07:35, 1467655655996, 40.60010262, -102.35285798, 1131.300048828125, 0.0, 0.0, 4.0
2016/07/04 14:07:36, 1467655656996, 40.60010262, -102.35285808, 1131.300048828125, 0.0, 0.0, 4.0
2016/07/04 14:07:37, 1467655657998, 40.60010271, -102.35285852, 1131.4000244140625, 0.0, 0.0, 4.0
2016/07/04 14:07:38, 1467655658997, 40.60010281, -102.35285875, 1131.4000244140625, 0.0, 0.0, 4.0
2016/07/04 14:07:39, 1467655659996, 40.60010277, -102.35285873, 1131.4000244140625, 0.0, 0.0, 4.0
2016/07/04 14:07:40, 1467655660998, 40.60010279, -102.3528588, 1131.5, 0.0, 0.0, 3.0
2016/07/04 14:07:41, 1467655661997, 40.60010275, -102.35285866, 1131.4000244140625, 0.0, 0.0, 3.0
2016/07/04 14:07:43, 1467655663003, 40.60010261, -102.35285858, 1131.4000244140625, 0.0, 0.0, 3.0
2016/07/04 14:07:44, 1467655664004, 40.60010235, -102.35285783, 1131.300048828125, 0.0, 0.0, 3.0
2016/07/04 14:07:45, 1467655665016, 40.60010211, -102.35285726, 1131.199951171875, 0.0, 0.0, 3.0
2016/07/04 14:07:45, 1467655665998, 40.60010198, -102.35285703, 1131.199951171875, 0.0, 0.0, 3.0
2016/07/04 14:07:47, 1467655667028, 40.60010178, -102.35285677, 1131.199951171875, 0.0, 0.0, 3.0
2016/07/04 14:07:48, 1467655668001, 40.60010163, -102.35285631, 1131.0999755859375, 0.0, 0.0, 3.0
2016/07/04 14:07:49, 1467655669009, 40.60010147, -102.35285601, 1131.0999755859375, 0.0, 0.0, 3.0
2016/07/04 14:07:50, 1467655670005, 40.60010145, -102.35285594, 1131.0999755859375, 0.0, 0.0, 3.0
2016/07/04 14:07:51, 1467655671004, 40.60010129, -102.35285557, 1131.0, 0.0, 0.0, 3.0
2016/07/04 14:07:51, 1467655671998, 40.60010083, -102.3528544, 1130.9000244140625, 0.0, 0.0, 3.0
2016/07/04 14:07:52, 1467655672997, 40.60010079, -102.35285428, 1130.800048828125, 0.0, 0.0, 3.0
2016/07/04 14:07:54, 1467655674069, 40.6001008, -102.35285428, 1130.800048828125, 0.0, 0.0, 3.0
2016/07/04 14:07:55, 1467655675016, 40.6001007, -102.35285415, 1130.800048828125, 0.0, 0.0, 3.0
2016/07/04 14:07:56, 1467655676024, 40.60010059, -102.35285424, 1130.800048828125, 0.0, 0.0, 3.0
2016/07/04 14:07:57, 1467655677027, 40.60010048, -102.35285428, 1130.9000244140625, 0.0, 0.0, 3.0
2016/07/04 14:07:58, 1467655678036, 40.60010036, -102.35285413, 1130.9000244140625, 0.0, 0.0, 3.0
2016/07/04 14:07:59, 1467655679081, 40.60010032, -102.35285405, 1130.800048828125, 0.0, 0.0, 3.0
2016/07/04 14:07:59, 1467655679998, 40.60010014, -102.35285394, 1130.800048828125, 0.0, 0.0, 3.0
2016/07/04 14:08:01, 1467655681003, 40.60009992, -102.35285363, 1130.800048828125, 0.0, 0.0, 3.0
2016/07/04 14:08:02, 1467655682004, 40.60009979, -102.35285347, 1130.800048828125, 0.0, 0.0, 3.0
2016/07/04 14:08:03, 1467655683003, 40.60009972, -102.35285365, 1130.800048828125, 0.0, 0.0, 3.0
2016/07/04 14:08:04, 1467655684002, 40.60009954, -102.35285321, 1130.800048828125, 0.0, 0.0, 3.0
2016/07/04 14:08:05, 1467655685002, 40.60009956, -102.35285335, 1130.800048828125, 0.0, 0.0, 3.0
2016/07/04 14:08:05, 1467655685998, 40.60009958, -102.35285357, 1130.800048828125, 0.0, 0.0, 3.0
2016/07/04 14:08:07, 1467655687006, 40.60009946, -102.35285341, 1130.800048828125, 0.0, 0.0, 3.0
2016/07/04 14:08:08, 1467655688015, 40.60009934, -102.35285285, 1130.699951171875, 0.0, 0.0, 3.0
2016/07/04 14:08:09, 1467655689048, 40.60009929, -102.35285296, 1130.800048828125, 0.0, 0.0, 3.0
2016/07/04 14:08:09, 1467655689999, 40.60009923, -102.35285303, 1130.800048828125, 0.0, 0.0, 3.0
2016/07/04 14:08:11, 1467655691013, 40.60009919, -102.35285311, 1130.800048828125, 0.0, 0.0, 3.0
2016/07/04 14:08:12, 1467655692003, 40.60009934, -102.35285327, 1130.9000244140625, 0.0, 0.0, 3.0
2016/07/04 14:08:13, 1467655693048, 40.6000993, -102.35285319, 1130.800048828125, 0.0, 0.0, 3.0
2016/07/04 14:08:14, 1467655694014, 40.60009927, -102.35285337, 1130.9000244140625, 0.0, 0.0, 3.0
2016/07/04 14:08:15, 1467655695005, 40.60009906, -102.35285348, 1130.9000244140625, 0.0, 0.0, 3.0
2016/07/04 14:08:16, 1467655696020, 40.60009905, -102.35285359, 1131.0, 0.0, 0.0, 3.0
2016/07/04 14:08:17, 1467655697006, 40.6000985, -102.35285214, 1130.800048828125, 0.0, 0.0, 3.0
2016/07/04 14:08:18, 1467655698007, 40.60010235, -102.35286519, 1132.699951171875, 0.0, 0.0, 3.0
2016/07/04 14:08:19, 1467655699020, 40.6001004, -102.35285902, 1131.800048828125, 0.0, 0.0, 3.0
2016/07/04 14:08:20, 1467655700023, 40.600099, -102.35285537, 1131.300048828125, 0.0, 0.0, 3.0
2016/07/04 14:08:21, 1467655701027, 40.60009777, -102.35285123, 1130.699951171875, 0.0, 0.0, 3.0
2016/07/04 14:08:22, 1467655702024, 40.60009792, -102.35285211, 1130.800048828125, 0.0, 0.0, 3.0
2016/07/04 14:08:23, 1467655703032, 40.6000965, -102.35284768, 1130.199951171875, 0.0, 0.0, 3.0
2016/07/04 14:08:24, 1467655704062, 40.6000958, -102.35284542, 1129.9000244140625, 0.0, 0.0, 3.0
2016/07/04 14:08:25, 1467655705003, 40.60009591, -102.35284571, 1129.9000244140625, 0.0, 0.0, 3.0
2016/07/04 14:08:26, 1467655706003, 40.60009495, -102.35284274, 1129.5, 0.0, 0.0, 3.0
2016/07/04 14:08:27, 1467655707007, 40.60009476, -102.35284232, 1129.5, 0.0, 0.0, 3.0
2016/07/04 14:08:28, 1467655708003, 40.60009466, -102.35284171, 1129.4000244140625, 0.0, 0.0, 3.0
2016/07/04 14:08:29, 1467655709043, 40.60009468, -102.35284209, 1129.4000244140625, 0.0, 0.0, 3.0
2016/07/04 14:08:29, 1467655709995, 40.60009451, -102.35284166, 1129.4000244140625, 0.0, 0.0, 3.0
2016/07/04 14:08:31, 1467655711001, 40.60009442, -102.35284155, 1129.4000244140625, 0.0, 0.0, 3.0
2016/07/04 14:08:32, 1467655712014, 40.60009428, -102.35284135, 1129.4000244140625, 0.0, 0.0, 3.0
2016/07/04 14:08:33, 1467655713010, 40.6000943, -102.35284151, 1129.4000244140625, 0.0, 0.0, 3.0
2016/07/04 14:08:33, 1467655713997, 40.60009429, -102.35284161, 1129.4000244140625, 0.0, 0.0, 3.0
2016/07/04 14:08:34, 1467655714999, 40.6000943, -102.35284171, 1129.4000244140625, 0.0, 0.0, 3.0
2016/07/04 14:08:36, 1467655716000, 40.6000942, -102.35284174, 1129.4000244140625, 0.0, 0.0, 3.0
2016/07/04 14:08:37, 1467655717001, 40.60009428, -102.35284205, 1129.5, 0.0, 0.0, 3.0
2016/07/04 14:08:38, 1467655718055, 40.60009431, -102.3528421, 1129.5, 0.0, 0.0, 3.0
2016/07/04 14:08:38, 1467655718998, 40.60009416, -102.35284212, 1129.5, 0.0, 0.0, 3.0
2016/07/04 14:08:40, 1467655720003, 40.60009409, -102.35284216, 1129.5, 0.0, 0.0, 3.0
2016/07/04 14:08:40, 1467655720998, 40.60009408, -102.3528422, 1129.5999755859375, 0.0, 0.0, 3.0
2016/07/04 14:08:42, 1467655722005, 40.60009412, -102.35284241, 1129.5999755859375, 0.0, 0.0, 3.0
2016/07/04 14:08:43, 1467655723001, 40.60009411, -102.3528426, 1129.5999755859375, 0.0, 0.0, 3.0
2016/07/04 14:08:44, 1467655724034, 40.60009412, -102.35284256, 1129.5999755859375, 0.0, 0.0, 3.0
2016/07/04 14:08:44, 1467655724992, 40.60009404, -102.35284257, 1129.5999755859375, 0.0, 0.0, 3.0
2016/07/04 14:08:46, 1467655726001, 40.600094, -102.35284259, 1129.5999755859375, 0.0, 0.0, 3.0
2016/07/04 14:08:46, 1467655726997, 40.60009394, -102.35284277, 1129.699951171875, 0.0, 0.0, 3.0
2016/07/04 14:08:48, 1467655728009, 40.60009399, -102.35284285, 1129.699951171875, 0.0, 0.0, 3.0
2016/07/04 14:08:49, 1467655729014, 40.60009394, -102.35284282, 1129.699951171875, 0.0, 0.0, 3.0
2016/07/04 14:08:50, 1467655730011, 40.60009383, -102.35284289, 1129.699951171875, 0.0, 0.0, 3.0
2016/07/04 14:08:51, 1467655731017, 40.60009383, -102.35284288, 1129.699951171875, 0.0, 0.0, 3.0
2016/07/04 14:08:52, 1467655732032, 40.60009382, -102.35284284, 1129.699951171875, 0.0, 0.0, 3.0
2016/07/04 14:08:53, 1467655733026, 40.60009379, -102.35284277, 1129.699951171875, 0.0, 0.0, 3.0
2016/07/04 14:08:54, 1467655734036, 40.6000938, -102.35284272, 1129.699951171875, 0.0, 0.0, 3.0
2016/07/04 14:08:55, 1467655735022, 40.60009384, -102.35284274, 1129.699951171875, 0.0, 0.0, 3.0
2016/07/04 14:08:55, 1467655735997, 40.60009387, -102.35284269, 1129.699951171875, 0.0, 0.0, 3.0
2016/07/04 14:08:57, 1467655737002, 40.60009388, -102.35284268, 1129.699951171875, 0.0, 0.0, 3.0
2016/07/04 14:08:57, 1467655737997, 40.6000939, -102.35284256, 1129.699951171875, 0.0, 0.0, 3.0
2016/07/04 14:08:58, 1467655738996, 40.60009397, -102.35284267, 1129.699951171875, 0.0, 0.0, 3.0
2016/07/04 14:09:00, 1467655740051, 40.60009394, -102.35284273, 1129.699951171875, 0.0, 0.0, 3.0
2016/07/04 14:09:01, 1467655741008, 40.60009397, -102.35284276, 1129.699951171875, 0.0, 0.0, 3.0
2016/07/04 14:09:01, 1467655741998, 40.60009398, -102.3528427, 1129.699951171875, 0.0, 0.0, 3.0
2016/07/04 14:09:03, 1467655743015, 40.60009398, -102.35284256, 1129.699951171875, 0.0, 0.0, 3.0
2016/07/04 14:09:03, 1467655743997, 40.60009396, -102.35284259, 1129.699951171875, 0.0, 0.0, 3.0
2016/07/04 14:09:04, 1467655744997, 40.60009396, -102.35284261, 1129.699951171875, 0.0, 0.0, 3.0
2016/07/04 14:09:06, 1467655746003, 40.60009392, -102.35284258, 1129.699951171875, 0.0, 0.0, 3.0
2016/07/04 14:09:06, 1467655746996, 40.60009387, -102.35284253, 1129.800048828125, 0.0, 0.0, 3.0
2016/07/04 14:09:08, 1467655748003, 40.60009386, -102.35284246, 1129.800048828125, 0.0, 0.0, 4.0
2016/07/04 14:09:09, 1467655749002, 40.60009388, -102.35284246, 1129.800048828125, 0.0, 0.0, 3.0
2016/07/04 14:09:09, 1467655749997, 40.6000939, -102.35284241, 1129.800048828125, 0.0, 0.0, 4.0
2016/07/04 14:09:11, 1467655751004, 40.60009392, -102.35284239, 1129.800048828125, 0.0, 0.0, 4.0
2016/07/04 14:09:12, 1467655752005, 40.60009393, -102.35284236, 1129.800048828125, 0.0, 0.0, 4.0
2016/07/04 14:09:13, 1467655753012, 40.60009391, -102.35284237, 1129.800048828125, 0.0, 0.0, 4.0
2016/07/04 14:09:14, 1467655754007, 40.60009392, -102.35284233, 1129.800048828125, 0.0, 0.0, 4.0
2016/07/04 14:09:15, 1467655755003, 40.60009385, -102.35284247, 1129.800048828125, 0.0, 0.0, 4.0
2016/07/04 14:09:16, 1467655756012, 40.60009384, -102.35284242, 1129.800048828125, 0.0, 0.0, 4.0
2016/07/04 14:09:17, 1467655757012, 40.60009384, -102.35284244, 1129.800048828125, 0.0, 0.0, 10.0
2016/07/04 14:09:18, 1467655758012, 40.60009387, -102.3528424, 1129.800048828125, 0.0, 0.0, 10.0
2016/07/04 14:09:19, 1467655759035, 40.60009385, -102.35284252, 1129.800048828125, 0.0, 0.0, 9.0
2016/07/04 14:09:19, 1467655759999, 40.60009394, -102.35284298, 1129.800048828125, 0.0, 0.0, 9.0
2016/07/04 14:09:21, 1467655761036, 40.60009385, -102.35284288, 1129.800048828125, 0.0, 0.0, 9.0
2016/07/04 14:09:22, 1467655762019, 40.60009394, -102.35284309, 1129.800048828125, 0.0, 0.0, 9.0
2016/07/04 14:09:22, 1467655762997, 40.60009389, -102.35284308, 1129.800048828125, 0.0, 0.0, 9.0
2016/07/04 14:09:23, 1467655763993, 40.60009394, -102.3528434, 1129.9000244140625, 0.0, 0.0, 9.0
2016/07/04 14:09:24, 1467655764990, 40.60009391, -102.35284351, 1129.9000244140625, 0.0, 0.0, 9.0
2016/07/04 14:09:25, 1467655765995, 40.60009397, -102.35284364, 1129.9000244140625, 0.0, 0.0, 9.0
2016/07/04 14:09:26, 1467655766994, 40.6000939, -102.3528438, 1129.9000244140625, 0.0, 0.0, 9.0
2016/07/04 14:09:27, 1467655767992, 40.60009389, -102.35284397, 1130.0, 0.0, 0.0, 9.0
2016/07/04 14:09:28, 1467655768992, 40.6000939, -102.35284396, 1130.0, 0.0, 0.0, 9.0
2016/07/04 14:09:29, 1467655769993, 40.60009395, -102.35284419, 1130.0, 0.0, 0.0, 9.0
2016/07/04 14:09:30, 1467655770987, 40.6000941, -102.3528447, 1130.0999755859375, 0.0, 0.0, 9.0
2016/07/04 14:09:31, 1467655771988, 40.60009413, -102.3528448, 1130.0999755859375, 0.0, 0.0, 9.0
2016/07/04 14:09:32, 1467655772996, 40.60009413, -102.35284482, 1130.0999755859375, 0.0, 0.0, 9.0
2016/07/04 14:09:34, 1467655774019, 40.60009413, -102.35284481, 1130.0999755859375, 0.0, 0.0, 9.0
2016/07/04 14:09:34, 1467655774991, 40.60009415, -102.35284481, 1130.0999755859375, 0.0, 0.0, 9.0
2016/07/04 14:09:35, 1467655775995, 40.60009412, -102.35284489, 1130.0999755859375, 0.0, 0.0, 9.0
2016/07/04 14:09:36, 1467655776988, 40.6000941, -102.35284482, 1130.0999755859375, 0.0, 0.0, 9.0
2016/07/04 14:09:37, 1467655777996, 40.60009413, -102.35284484, 1130.0999755859375, 0.0, 0.0, 9.0
2016/07/04 14:09:38, 1467655778988, 40.600094, -102.35284476, 1130.0999755859375, 0.0, 0.0, 9.0
2016/07/04 14:09:39, 1467655779997, 40.60009384, -102.35284468, 1130.0999755859375, 0.0, 0.0, 9.0
2016/07/04 14:09:41, 1467655781002, 40.60009382, -102.35284466, 1130.0999755859375, 0.0, 0.0, 9.0
2016/07/04 14:09:42, 1467655782004, 40.60009376, -102.35284465, 1130.0999755859375, 0.0, 0.0, 9.0
2016/07/04 14:09:43, 1467655783038, 40.60009376, -102.35284466, 1130.0999755859375, 0.0, 0.0, 9.0
2016/07/04 14:09:43, 1467655783998, 40.60009376, -102.35284466, 1130.0999755859375, 0.0, 0.0, 9.0
2016/07/04 14:09:44, 1467655784996, 40.60009368, -102.35284472, 1130.0999755859375, 0.0, 0.0, 9.0
2016/07/04 14:09:46, 1467655786031, 40.60009356, -102.35284472, 1130.0999755859375, 0.0, 0.0, 9.0
2016/07/04 14:09:46, 1467655786989, 40.60009342, -102.35284468, 1130.0999755859375, 0.0, 0.0, 9.0
2016/07/04 14:09:47, 1467655787994, 40.6000935, -102.35284484, 1130.199951171875, 0.0, 0.0, 9.0
2016/07/04 14:09:48, 1467655788994, 40.60009341, -102.35284479, 1130.199951171875, 0.0, 0.0, 9.0
2016/07/04 14:09:50, 1467655790048, 40.60009332, -102.35284484, 1130.199951171875, 0.0, 0.0, 9.0
2016/07/04 14:09:50, 1467655790998, 40.60009329, -102.35284488, 1130.199951171875, 0.0, 0.0, 9.0
2016/07/04 14:09:51, 1467655791993, 40.60009328, -102.3528448, 1130.199951171875, 0.0, 0.0, 9.0
2016/07/04 14:09:52, 1467655792994, 40.60009314, -102.35284505, 1130.199951171875, 0.0, 0.0, 3.0
2016/07/04 14:09:54, 1467655794012, 40.60009308, -102.35284523, 1130.300048828125, 0.0, 0.0, 3.0
2016/07/04 14:09:54, 1467655794989, 40.60009308, -102.35284524, 1130.300048828125, 0.0, 0.0, 3.0
2016/07/04 14:09:55, 1467655795994, 40.60009305, -102.35284531, 1130.300048828125, 0.0, 0.0, 3.0
2016/07/04 14:09:56, 1467655796990, 40.60009301, -102.35284542, 1130.4000244140625, 0.0, 0.0, 3.0
2016/07/04 14:09:57, 1467655797996, 40.60009296, -102.35284552, 1130.4000244140625, 0.0, 0.0, 3.0
2016/07/04 14:09:58, 1467655798996, 40.60009293, -102.3528455, 1130.4000244140625, 0.0, 0.0, 3.0
2016/07/04 14:09:59, 1467655799994, 40.60009286, -102.3528457, 1130.4000244140625, 0.0, 0.0, 3.0
2016/07/04 14:10:00, 1467655800995, 40.60009283, -102.35284573, 1130.4000244140625, 0.0, 0.0, 4.0
2016/07/04 14:10:02, 1467655802017, 40.60009278, -102.35284588, 1130.5, 0.0, 0.0, 4.0
2016/07/04 14:10:02, 1467655802996, 40.60009277, -102.35284585, 1130.5, 0.0, 0.0, 4.0
2016/07/04 14:10:04, 1467655804005, 40.6000927, -102.352846, 1130.5, 0.0, 0.0, 4.0
2016/07/04 14:10:05, 1467655805004, 40.60009266, -102.35284602, 1130.5, 0.0, 0.0, 5.0
2016/07/04 14:10:05, 1467655805998, 40.60009264, -102.35284609, 1130.5, 0.0, 0.0, 5.0
2016/07/04 14:10:06, 1467655806996, 40.60009259, -102.35284619, 1130.5, 0.0, 0.0, 4.0
2016/07/04 14:10:07, 1467655807998, 40.6000926, -102.35284619, 1130.5, 0.0, 0.0, 5.0
2016/07/04 14:10:09, 1467655809003, 40.60009263, -102.35284616, 1130.5, 0.0, 0.0, 5.0
2016/07/04 14:10:10, 1467655810023, 40.60009258, -102.35284616, 1130.5, 0.0, 0.0, 4.0
2016/07/04 14:10:11, 1467655811012, 40.60009254, -102.35284625, 1130.5999755859375, 0.0, 0.0, 4.0
2016/07/04 14:10:12, 1467655812011, 40.60009256, -102.35284621, 1130.5999755859375, 0.0, 0.0, 4.0
2016/07/04 14:10:13, 1467655813014, 40.60009257, -102.35284615, 1130.5999755859375, 0.0, 0.0, 4.0
2016/07/04 14:10:14, 1467655814017, 40.60009256, -102.35284615, 1130.5999755859375, 0.0, 0.0, 3.0
2016/07/04 14:10:15, 1467655815005, 40.60009257, -102.35284613, 1130.5999755859375, 0.0, 0.0, 4.0
2016/07/04 14:10:15, 1467655815997, 40.60009257, -102.35284599, 1130.5, 0.0, 0.0, 3.0
2016/07/04 14:10:17, 1467655817016, 40.60009257, -102.35284584, 1130.5, 0.0, 0.0, 3.0
2016/07/04 14:10:17, 1467655817992, 40.60009261, -102.35284584, 1130.5, 0.0, 0.0, 3.0
2016/07/04 14:10:18, 1467655818989, 40.60009268, -102.3528458, 1130.5, 0.0, 0.0, 3.0
2016/07/04 14:10:19, 1467655819989, 40.60009266, -102.35284575, 1130.5, 0.0, 0.0, 3.0
2016/07/04 14:10:20, 1467655820995, 40.60009273, -102.35284593, 1130.5, 0.0, 0.0, 3.0
2016/07/04 14:10:21, 1467655821998, 40.60009271, -102.35284605, 1130.5999755859375, 0.0, 0.0, 3.0
2016/07/04 14:10:23, 1467655823003, 40.60009272, -102.35284608, 1130.5999755859375, 0.0, 0.0, 3.0
2016/07/04 14:10:24, 1467655824002, 40.60009265, -102.35284617, 1130.5999755859375, 0.0, 0.0, 3.0
2016/07/04 14:10:25, 1467655825001, 40.60009263, -102.35284625, 1130.699951171875, 0.0, 0.0, 3.0
2016/07/04 14:10:26, 1467655826001, 40.60009265, -102.35284624, 1130.699951171875, 0.0, 0.0, 3.0
2016/07/04 14:10:27, 1467655827001, 40.60009268, -102.35284622, 1130.699951171875, 0.0, 0.0, 3.0
2016/07/04 14:10:28, 1467655828001, 40.60009263, -102.35284633, 1130.699951171875, 0.0, 0.0, 3.0
2016/07/04 14:10:29, 1467655829002, 40.60009257, -102.35284643, 1130.699951171875, 0.0, 0.0, 3.0
2016/07/04 14:10:29, 1467655829995, 40.60009261, -102.35284631, 1130.699951171875, 0.0, 0.0, 3.0
2016/07/04 14:10:30, 1467655830991, 40.60009263, -102.3528463, 1130.699951171875, 0.0, 0.0, 3.0
2016/07/04 14:10:31, 1467655831995, 40.60009259, -102.35284643, 1130.699951171875, 0.0, 0.0, 3.0
2016/07/04 14:10:33, 1467655833001, 40.60009258, -102.35284683, 1130.800048828125, 0.0, 0.0, 3.0
2016/07/04 14:10:34, 1467655834004, 40.60009255, -102.35284695, 1130.9000244140625, 0.0, 0.0, 4.0
2016/07/04 14:10:35, 1467655835005, 40.60009247, -102.35284709, 1130.9000244140625, 0.0, 0.0, 4.0
2016/07/04 14:10:36, 1467655836012, 40.60009242, -102.35284711, 1130.9000244140625, 0.0, 0.0, 4.0
2016/07/04 14:10:37, 1467655837003, 40.6000924, -102.35284973, 1131.300048828125, 0.0, 0.0, 4.0
2016/07/04 14:10:38, 1467655838018, 40.60009237, -102.35285002, 1131.4000244140625, 0.0, 0.0, 4.0
2016/07/04 14:10:39, 1467655839005, 40.60009237, -102.35285004, 1131.4000244140625, 0.0, 0.0, 3.0
2016/07/04 14:10:40, 1467655840013, 40.60009237, -102.35285023, 1131.4000244140625, 0.0, 0.0, 3.0
2016/07/04 14:10:41, 1467655841012, 40.60009238, -102.35285028, 1131.4000244140625, 0.0, 0.0, 3.0
2016/07/04 14:10:42, 1467655842018, 40.60009237, -102.35285034, 1131.4000244140625, 0.0, 0.0, 3.0
2016/07/04 14:10:43, 1467655843028, 40.6000924, -102.35285028, 1131.4000244140625, 0.0, 0.0, 3.0
2016/07/04 14:10:44, 1467655844023, 40.60009237, -102.35285034, 1131.4000244140625, 0.0, 0.0, 3.0
2016/07/04 14:10:44, 1467655844999, 40.60009236, -102.35285042, 1131.5, 0.0, 0.0, 3.0
2016/07/04 14:10:45, 1467655845990, 40.6000923, -102.35285049, 1131.5, 0.0, 0.0, 3.0
2016/07/04 14:10:47, 1467655847042, 40.60009227, -102.35285056, 1131.5, 0.0, 0.0, 3.0
2016/07/04 14:10:48, 1467655848013, 40.60009229, -102.35285055, 1131.5, 0.0, 0.0, 3.0
2016/07/04 14:10:49, 1467655849045, 40.60009233, -102.35285056, 1131.5, 0.0, 0.0, 3.0
2016/07/04 14:10:50, 1467655850001, 40.60009238, -102.35285073, 1131.5, 0.0, 0.0, 3.0
2016/07/04 14:10:51, 1467655851000, 40.60009235, -102.35285073, 1131.5, 0.0, 0.0, 3.0
2016/07/04 14:10:52, 1467655852012, 40.60009234, -102.35285071, 1131.5, 0.0, 0.0, 3.0
2016/07/04 14:10:52, 1467655852999, 40.60009233, -102.35285075, 1131.5, 0.0, 0.0, 3.0
2016/07/04 14:10:54, 1467655854001, 40.60009229, -102.35285057, 1131.5, 0.0, 0.0, 3.0
2016/07/04 14:10:54, 1467655854997, 40.60009228, -102.35285064, 1131.5, 0.0, 0.0, 3.0
2016/07/04 14:10:56, 1467655856001, 40.60009228, -102.35285063, 1131.5, 0.0, 0.0, 3.0
2016/07/04 14:10:56, 1467655856996, 40.60009226, -102.35285052, 1131.5, 0.0, 0.0, 3.0
2016/07/04 14:10:57, 1467655857995, 40.60009223, -102.35285041, 1131.4000244140625, 0.0, 0.0, 3.0
2016/07/04 14:10:59, 1467655859000, 40.60009228, -102.35285036, 1131.4000244140625, 0.0, 0.0, 3.0
2016/07/04 14:10:59, 1467655859999, 40.60009232, -102.35285033, 1131.4000244140625, 0.0, 0.0, 3.0
2016/07/04 14:11:01, 1467655861002, 40.60009236, -102.35285035, 1131.4000244140625, 0.0, 0.0, 3.0
2016/07/04 14:11:02, 1467655862001, 40.60009241, -102.35285039, 1131.4000244140625, 0.0, 0.0, 3.0
2016/07/04 14:11:02, 1467655862997, 40.60009247, -102.35285031, 1131.4000244140625, 0.0, 0.0, 3.0
2016/07/04 14:11:04, 1467655864000, 40.6000925, -102.35285031, 1131.4000244140625, 0.0, 0.0, 3.0
2016/07/04 14:11:05, 1467655865030, 40.60009247, -102.35285015, 1131.4000244140625, 0.0, 0.0, 3.0
2016/07/04 14:11:05, 1467655865996, 40.60009244, -102.35285015, 1131.4000244140625, 0.0, 0.0, 3.0
2016/07/04 14:11:07, 1467655867014, 40.6000925, -102.35285012, 1131.4000244140625, 0.0, 0.0, 3.0
2016/07/04 14:11:08, 1467655868011, 40.6000925, -102.35285016, 1131.4000244140625, 0.0, 0.0, 3.0
2016/07/04 14:11:09, 1467655869003, 40.60009254, -102.35285016, 1131.4000244140625, 0.0, 0.0, 3.0
2016/07/04 14:11:10, 1467655870013, 40.60009259, -102.35285014, 1131.4000244140625, 0.0, 0.0, 3.0
2016/07/04 14:11:11, 1467655871006, 40.60009264, -102.35285011, 1131.4000244140625, 0.0, 0.0, 3.0
2016/07/04 14:11:12, 1467655872017, 40.60009259, -102.35285028, 1131.4000244140625, 0.0, 0.0, 3.0
2016/07/04 14:11:13, 1467655873060, 40.60009259, -102.35285024, 1131.4000244140625, 0.0, 0.0, 3.0
2016/07/04 14:11:14, 1467655874000, 40.60009264, -102.3528502, 1131.4000244140625, 0.0, 0.0, 3.0
2016/07/04 14:11:15, 1467655875038, 40.60009271, -102.35285016, 1131.4000244140625, 0.0, 0.0, 3.0
2016/07/04 14:11:16, 1467655876022, 40.60009271, -102.35285012, 1131.4000244140625, 0.0, 0.0, 3.0
2016/07/04 14:11:17, 1467655877019, 40.60009282, -102.35285022, 1131.4000244140625, 0.0, 0.0, 3.0
2016/07/04 14:11:18, 1467655878068, 40.60009286, -102.35285018, 1131.4000244140625, 0.0, 0.0, 3.0
2016/07/04 14:11:19, 1467655879039, 40.60009284, -102.35285022, 1131.4000244140625, 0.0, 0.0, 3.0
2016/07/04 14:11:20, 1467655880070, 40.60009281, -102.3528502, 1131.4000244140625, 0.0, 0.0, 3.0
2016/07/04 14:11:21, 1467655881007, 40.60009278, -102.35285014, 1131.4000244140625, 0.0, 0.0, 3.0
2016/07/04 14:11:22, 1467655882000, 40.60009277, -102.35285021, 1131.4000244140625, 0.0, 0.0, 3.0
2016/07/04 14:11:22, 1467655882999, 40.60009275, -102.35285021, 1131.4000244140625, 0.0, 0.0, 3.0
2016/07/04 14:11:23, 1467655883998, 40.60009272, -102.3528502, 1131.4000244140625, 0.0, 0.0, 3.0
2016/07/04 14:11:25, 1467655885003, 40.60009266, -102.35285015, 1131.4000244140625, 0.0, 0.0, 3.0
2016/07/04 14:11:26, 1467655886003, 40.60009264, -102.35285024, 1131.4000244140625, 0.0, 0.0, 3.0
2016/07/04 14:11:27, 1467655887050, 40.60009263, -102.35285022, 1131.4000244140625, 0.0, 0.0, 3.0
2016/07/04 14:11:28, 1467655888001, 40.60009266, -102.35285018, 1131.4000244140625, 0.0, 0.0, 3.0
2016/07/04 14:11:29, 1467655889001, 40.6000927, -102.35285017, 1131.4000244140625, 0.0, 0.0, 3.0
2016/07/04 14:11:30, 1467655890017, 40.6000927, -102.35285013, 1131.4000244140625, 0.0, 0.0, 3.0
2016/07/04 14:11:30, 1467655890991, 40.60009265, -102.35285004, 1131.4000244140625, 0.0, 0.0, 3.0
2016/07/04 14:11:32, 1467655892009, 40.60009262, -102.35285014, 1131.4000244140625, 0.0, 0.0, 3.0
2016/07/04 14:11:33, 1467655893002, 40.6000926, -102.35285018, 1131.4000244140625, 0.0, 0.0, 3.0
2016/07/04 14:11:33, 1467655893996, 40.60009258, -102.35285016, 1131.4000244140625, 0.0, 0.0, 3.0
2016/07/04 14:11:35, 1467655895001, 40.60009258, -102.35285006, 1131.4000244140625, 0.0, 0.0, 3.0
2016/07/04 14:11:36, 1467655896028, 40.60009258, -102.35285005, 1131.4000244140625, 0.0, 0.0, 3.0
2016/07/04 14:11:37, 1467655897004, 40.60009264, -102.35285017, 1131.4000244140625, 0.0, 0.0, 3.0
2016/07/04 14:11:38, 1467655898046, 40.60009269, -102.35285015, 1131.4000244140625, 0.0, 0.0, 3.0
2016/07/04 14:11:38, 1467655898998, 40.60009272, -102.35285007, 1131.4000244140625, 0.0, 0.0, 3.0
2016/07/04 14:11:39, 1467655899998, 40.60009272, -102.35285003, 1131.4000244140625, 0.0, 0.0, 3.0
2016/07/04 14:11:41, 1467655901005, 40.60009275, -102.35285004, 1131.4000244140625, 0.0, 0.0, 3.0
2016/07/04 14:11:42, 1467655902011, 40.60009282, -102.35285006, 1131.4000244140625, 0.0, 0.0, 3.0
2016/07/04 14:11:43, 1467655903018, 40.60009289, -102.35285002, 1131.4000244140625, 0.0, 0.0, 3.0
2016/07/04 14:11:43, 1467655903995, 40.60009292, -102.35285004, 1131.4000244140625, 0.0, 0.0, 3.0
2016/07/04 14:11:45, 1467655905004, 40.60009293, -102.35285009, 1131.4000244140625, 0.0, 0.0, 3.0
2016/07/04 14:11:46, 1467655906038, 40.60009288, -102.35285003, 1131.4000244140625, 0.0, 0.0, 3.0
2016/07/04 14:11:46, 1467655906995, 40.60009295, -102.3528501, 1131.4000244140625, 0.0, 0.0, 3.0
2016/07/04 14:11:48, 1467655908041, 40.60009298, -102.35285018, 1131.4000244140625, 0.0, 0.0, 3.0
2016/07/04 14:11:49, 1467655909001, 40.60009307, -102.35285029, 1131.4000244140625, 0.0, 0.0, 3.0
2016/07/04 14:11:49, 1467655909996, 40.60009306, -102.35285038, 1131.5, 0.0, 0.0, 3.0
2016/07/04 14:11:50, 1467655910997, 40.60009312, -102.3528504, 1131.5, 0.0, 0.0, 3.0
2016/07/04 14:11:52, 1467655912001, 40.60009312, -102.35285045, 1131.5, 0.0, 0.0, 3.0
2016/07/04 14:11:52, 1467655912999, 40.60009315, -102.35285042, 1131.5, 0.0, 0.0, 3.0
2016/07/04 14:11:54, 1467655914001, 40.60009319, -102.35285041, 1131.5, 0.0, 0.0, 3.0
2016/07/04 14:11:55, 1467655915001, 40.6000932, -102.35285033, 1131.4000244140625, 0.0, 0.0, 3.0
2016/07/04 14:11:56, 1467655916035, 40.60009326, -102.35285042, 1131.5, 0.0, 0.0, 3.0
2016/07/04 14:11:57, 1467655917002, 40.60009326, -102.35285046, 1131.5, 0.0, 0.0, 3.0
2016/07/04 14:11:58, 1467655918004, 40.60009335, -102.35285055, 1131.5, 0.0, 0.0, 3.0
2016/07/04 14:11:58, 1467655918994, 40.60009336, -102.35285058, 1131.5, 0.0, 0.0, 3.0
2016/07/04 14:12:00, 1467655920028, 40.60009326, -102.35285049, 1131.5, 0.0, 0.0, 3.0
2016/07/04 14:12:01, 1467655921045, 40.60009326, -102.35285032, 1131.4000244140625, 0.0, 0.0, 3.0
2016/07/04 14:12:01, 1467655921996, 40.60009336, -102.3528505, 1131.5, 0.0, 0.0, 3.0
2016/07/04 14:12:02, 1467655922997, 40.60009334, -102.35285063, 1131.5, 0.0, 0.0, 3.0
2016/07/04 14:12:03, 1467655923997, 40.60009336, -102.35285058, 1131.5, 0.0, 0.0, 3.0
2016/07/04 14:12:05, 1467655925012, 40.60009345, -102.3528506, 1131.5, 0.0, 0.0, 3.0
2016/07/04 14:12:05, 1467655925997, 40.60009336, -102.35285065, 1131.5, 0.0, 0.0, 3.0
2016/07/04 14:12:06, 1467655926999, 40.60009329, -102.35285073, 1131.5, 0.0, 0.0, 3.0
2016/07/04 14:12:07, 1467655927999, 40.60009333, -102.35285074, 1131.5, 0.0, 0.0, 3.0
2016/07/04 14:12:08, 1467655928999, 40.60009334, -102.35285082, 1131.5, 0.0, 0.0, 3.0
2016/07/04 14:12:10, 1467655930000, 40.60009335, -102.3528508, 1131.5, 0.0, 0.0, 3.0
2016/07/04 14:12:11, 1467655931014, 40.60009328, -102.35285089, 1131.5999755859375, 0.0, 0.0, 3.0
2016/07/04 14:12:12, 1467655932014, 40.60009322, -102.352851, 1131.5999755859375, 0.0, 0.0, 3.0
2016/07/04 14:12:13, 1467655933021, 40.60009332, -102.35285098, 1131.5999755859375, 0.0, 0.0, 3.0
2016/07/04 14:12:13, 1467655933997, 40.60009337, -102.35285103, 1131.5999755859375, 0.0, 0.0, 3.0
2016/07/04 14:12:15, 1467655935022, 40.60009323, -102.3528509, 1131.5999755859375, 0.0, 0.0, 3.0
2016/07/04 14:12:16, 1467655936032, 40.6000932, -102.35285087, 1131.5, 0.0, 0.0, 3.0
2016/07/04 14:12:17, 1467655937031, 40.60009311, -102.35285104, 1131.5999755859375, 0.0, 0.0, 3.0
2016/07/04 14:12:18, 1467655938054, 40.60009312, -102.3528509, 1131.5999755859375, 0.0, 0.0, 3.0
2016/07/04 14:12:19, 1467655939030, 40.60009312, -102.35285089, 1131.5999755859375, 0.0, 0.0, 3.0
2016/07/04 14:12:20, 1467655940003, 40.60009309, -102.35285086, 1131.5999755859375, 0.0, 0.0, 3.0
2016/07/04 14:12:21, 1467655941002, 40.60009317, -102.35285071, 1131.5999755859375, 0.0, 0.0, 4.0
2016/07/04 14:12:21, 1467655941993, 40.60009318, -102.35285064, 1131.5999755859375, 0.0, 0.0, 3.0
2016/07/04 14:12:23, 1467655943000, 40.60009376, -102.35285506, 1132.0999755859375, 0.0, 0.0, 3.0
2016/07/04 14:12:23, 1467655943999, 40.60009382, -102.35285572, 1132.199951171875, 0.0, 0.0, 3.0
2016/07/04 14:12:25, 1467655945001, 40.60009384, -102.35285622, 1132.300048828125, 0.0, 0.0, 3.0
2016/07/04 14:12:25, 1467655945995, 40.60009392, -102.35285689, 1132.300048828125, 0.0, 0.0, 3.0
2016/07/04 14:12:26, 1467655946998, 40.60009388, -102.35285673, 1132.300048828125, 0.0, 0.0, 3.0
2016/07/04 14:12:28, 1467655948000, 40.60009387, -102.35285738, 1132.4000244140625, 0.0, 0.0, 3.0
2016/07/04 14:12:29, 1467655949026, 40.60009385, -102.35285814, 1132.5, 0.0, 0.0, 3.0
2016/07/04 14:12:29, 1467655949995, 40.60009396, -102.35285909, 1132.699951171875, 0.0, 0.0, 3.0
2016/07/04 14:12:30, 1467655950996, 40.60009391, -102.35285889, 1132.5999755859375, 0.0, 0.0, 3.0
2016/07/04 14:12:31, 1467655951990, 40.60009387, -102.35285879, 1132.5999755859375, 0.0, 0.0, 3.0
2016/07/04 14:12:33, 1467655953004, 40.60009393, -102.35285884, 1132.699951171875, 0.0, 0.0, 3.0
2016/07/04 14:12:33, 1467655953995, 40.60009403, -102.35285996, 1132.9000244140625, 0.0, 0.0, 3.0
2016/07/04 14:12:35, 1467655955002, 40.60009411, -102.35286091, 1133.0999755859375, 0.0, 0.0, 3.0
2016/07/04 14:12:35, 1467655955994, 40.60009406, -102.35286031, 1133.0, 0.0, 0.0, 3.0
2016/07/04 14:12:37, 1467655957019, 40.60009408, -102.35286061, 1133.0, 0.0, 0.0, 3.0
2016/07/04 14:12:37, 1467655957999, 40.60009413, -102.35286103, 1133.0999755859375, 0.0, 0.0, 3.0
2016/07/04 14:12:39, 1467655959000, 40.60009416, -102.35286121, 1133.0999755859375, 0.0, 0.0, 3.0
2016/07/04 14:12:40, 1467655960009, 40.60009418, -102.35286119, 1133.0999755859375, 0.0, 0.0, 3.0
2016/07/04 14:12:41, 1467655961004, 40.60009414, -102.35286069, 1133.0999755859375, 0.0, 0.0, 3.0
2016/07/04 14:12:41, 1467655961993, 40.60009404, -102.35285995, 1133.0, 0.0, 0.0, 3.0
2016/07/04 14:12:42, 1467655962997, 40.60009434, -102.35286183, 1133.199951171875, 0.0, 0.0, 3.0
2016/07/04 14:12:43, 1467655963994, 40.60009427, -102.35286019, 1133.0, 0.0, 0.0, 3.0
2016/07/04 14:12:45, 1467655965003, 40.60009428, -102.35286021, 1133.0, 0.0, 0.0, 3.0
2016/07/04 14:12:46, 1467655966034, 40.60009432, -102.35286018, 1133.0, 0.0, 0.0, 3.0
2016/07/04 14:12:47, 1467655967035, 40.60009433, -102.3528602, 1133.0, 0.0, 0.0, 3.0
2016/07/04 14:12:47, 1467655967997, 40.60009416, -102.35285969, 1132.9000244140625, 0.0, 0.0, 3.0
2016/07/04 14:12:49, 1467655969005, 40.60009398, -102.35285898, 1132.9000244140625, 0.0, 0.0, 3.0
2016/07/04 14:12:49, 1467655969994, 40.60009399, -102.35285897, 1132.9000244140625, 0.0, 0.0, 3.0
2016/07/04 14:12:51, 1467655971022, 40.60009399, -102.35285896, 1132.9000244140625, 0.0, 0.0, 3.0
2016/07/04 14:12:51, 1467655971999, 40.60009398, -102.35285889, 1132.9000244140625, 0.0, 0.0, 3.0
2016/07/04 14:12:52, 1467655972991, 40.60009399, -102.35285874, 1132.800048828125, 0.0, 0.0, 3.0
2016/07/04 14:12:53, 1467655973991, 40.60009398, -102.35285843, 1132.800048828125, 0.0, 0.0, 3.0
2016/07/04 14:12:54, 1467655974995, 40.60009387, -102.35285749, 1132.699951171875, 0.0, 0.0, 3.0
2016/07/04 14:12:56, 1467655976066, 40.60009384, -102.35285719, 1132.5999755859375, 0.0, 0.0, 3.0
2016/07/04 14:12:56, 1467655976995, 40.60009384, -102.35285711, 1132.5999755859375, 0.0, 0.0, 3.0
2016/07/04 14:12:57, 1467655977996, 40.60009383, -102.35285699, 1132.5999755859375, 0.0, 0.0, 3.0
2016/07/04 14:12:59, 1467655979007, 40.60009383, -102.35285672, 1132.5999755859375, 0.0, 0.0, 3.0
2016/07/04 14:13:00, 1467655980004, 40.60009382, -102.3528567, 1132.5, 0.0, 0.0, 3.0
2016/07/04 14:13:00, 1467655980990, 40.6000938, -102.35285652, 1132.5, 0.0, 0.0, 4.0
2016/07/04 14:13:01, 1467655981988, 40.6000939, -102.35285628, 1132.5, 0.0, 0.0, 3.0
2016/07/04 14:13:02, 1467655982990, 40.6000938, -102.35285593, 1132.5, 0.0, 0.0, 3.0
2016/07/04 14:13:03, 1467655983995, 40.60009361, -102.35285569, 1132.4000244140625, 0.0, 0.0, 3.0
2016/07/04 14:13:05, 1467655985000, 40.60009355, -102.35285564, 1132.4000244140625, 0.0, 0.0, 3.0
2016/07/04 14:13:06, 1467655986032, 40.60009366, -102.35285559, 1132.4000244140625, 0.0, 0.0, 3.0
2016/07/04 14:13:06, 1467655986997, 40.60009353, -102.35285563, 1132.4000244140625, 0.0, 0.0, 3.0
2016/07/04 14:13:08, 1467655988005, 40.60009348, -102.35285528, 1132.4000244140625, 0.0, 0.0, 3.0
2016/07/04 14:13:09, 1467655989004, 40.60009339, -102.35285528, 1132.4000244140625, 0.0, 0.0, 3.0
2016/07/04 14:13:10, 1467655990003, 40.60009332, -102.35285547, 1132.4000244140625, 0.0, 0.0, 3.0
2016/07/04 14:13:10, 1467655990997, 40.60009331, -102.35285551, 1132.4000244140625, 0.0, 0.0, 3.0
2016/07/04 14:13:11, 1467655991996, 40.60009327, -102.35285559, 1132.4000244140625, 0.0, 0.0, 3.0
2016/07/04 14:13:13, 1467655993000, 40.60009318, -102.35285563, 1132.5, 0.0, 0.0, 3.0
2016/07/04 14:13:14, 1467655994017, 40.60009304, -102.35285572, 1132.5, 0.0, 0.0, 3.0
2016/07/04 14:13:15, 1467655995012, 40.60009284, -102.35285571, 1132.5, 0.0, 0.0, 3.0
2016/07/04 14:13:16, 1467655996001, 40.60009287, -102.35285541, 1132.5, 0.0, 0.0, 3.0
2016/07/04 14:13:16, 1467655996995, 40.60009284, -102.35285534, 1132.5, 0.0, 0.0, 3.0
2016/07/04 14:13:18, 1467655998005, 40.60009282, -102.35285514, 1132.4000244140625, 0.0, 0.0, 3.0
2016/07/04 14:13:19, 1467655999016, 40.60009279, -102.352855, 1132.4000244140625, 0.0, 0.0, 3.0
2016/07/04 14:13:20, 1467656000025, 40.60009269, -102.35285494, 1132.4000244140625, 0.0, 0.0, 3.0
2016/07/04 14:13:21, 1467656001006, 40.60009272, -102.35285509, 1132.4000244140625, 0.0, 0.0, 3.0
2016/07/04 14:13:22, 1467656002047, 40.60009281, -102.35285511, 1132.4000244140625, 0.0, 0.0, 3.0
2016/07/04 14:13:23, 1467656003030, 40.60009276, -102.35285508, 1132.4000244140625, 0.0, 0.0, 3.0
2016/07/04 14:13:24, 1467656004039, 40.60009336, -102.35285601, 1132.5, 0.0, 0.0, 3.0
2016/07/04 14:13:25, 1467656005003, 40.60009322, -102.35285575, 1132.4000244140625, 0.0, 0.0, 3.0
2016/07/04 14:13:26, 1467656006006, 40.60009312, -102.35285598, 1132.5, 0.0, 0.0, 3.0
2016/07/04 14:13:27, 1467656007004, 40.60009324, -102.35285652, 1132.5, 0.0, 0.0, 3.0
2016/07/04 14:13:28, 1467656008068, 40.60009325, -102.35285639, 1132.5, 0.0, 0.0, 3.0
2016/07/04 14:13:29, 1467656009010, 40.60009326, -102.35285675, 1132.5999755859375, 0.0, 0.0, 3.0
2016/07/04 14:13:30, 1467656010003, 40.60009326, -102.35285676, 1132.5, 0.0, 0.0, 3.0
2016/07/04 14:13:30, 1467656010994, 40.60009324, -102.35285684, 1132.5999755859375, 0.0, 0.0, 3.0
2016/07/04 14:13:32, 1467656012004, 40.6000932, -102.35285642, 1132.5, 0.0, 0.0, 3.0
2016/07/04 14:13:33, 1467656013003, 40.60009314, -102.35285633, 1132.5, 0.0, 0.0, 3.0
2016/07/04 14:13:34, 1467656014002, 40.60009308, -102.35285637, 1132.5, 0.0, 0.0, 3.0
2016/07/04 14:13:35, 1467656015009, 40.60009302, -102.35285645, 1132.5, 0.0, 0.0, 3.0
2016/07/04 14:13:36, 1467656016001, 40.600093, -102.35285652, 1132.5, 0.0, 0.0, 3.0
2016/07/04 14:13:36, 1467656016996, 40.60009298, -102.35285656, 1132.5, 0.0, 0.0, 3.0
2016/07/04 14:13:38, 1467656018009, 40.60009297, -102.35285661, 1132.5, 0.0, 0.0, 3.0
2016/07/04 14:13:39, 1467656019032, 40.60009303, -102.35285652, 1132.5, 0.0, 0.0, 3.0
2016/07/04 14:13:39, 1467656019997, 40.60009298, -102.35285661, 1132.5, 0.0, 0.0, 3.0
2016/07/04 14:13:41, 1467656021028, 40.6000929, -102.35285667, 1132.5, 0.0, 0.0, 3.0
2016/07/04 14:13:42, 1467656022007, 40.60009289, -102.35285676, 1132.5, 0.0, 0.0, 3.0
2016/07/04 14:13:43, 1467656023055, 40.60009288, -102.35285657, 1132.5, 0.0, 0.0, 3.0
2016/07/04 14:13:44, 1467656024006, 40.60009293, -102.35285655, 1132.5, 0.0, 0.0, 3.0
2016/07/04 14:13:45, 1467656025050, 40.60009301, -102.3528567, 1132.5, 0.0, 0.0, 3.0
2016/07/04 14:13:45, 1467656025994, 40.60009301, -102.35285657, 1132.5, 0.0, 0.0, 3.0
2016/07/04 14:13:47, 1467656027047, 40.60009314, -102.35285658, 1132.5, 0.0, 0.0, 3.0
2016/07/04 14:13:48, 1467656028048, 40.60009305, -102.35285632, 1132.4000244140625, 0.0, 0.0, 3.0
2016/07/04 14:13:49, 1467656029009, 40.60009311, -102.35285616, 1132.4000244140625, 0.0, 0.0, 3.0
2016/07/04 14:13:50, 1467656030006, 40.600093, -102.35285615, 1132.4000244140625, 0.0, 0.0, 3.0
2016/07/04 14:13:51, 1467656031014, 40.60009306, -102.35285616, 1132.4000244140625, 0.0, 0.0, 3.0
2016/07/04 14:13:51, 1467656031996, 40.60009304, -102.35285616, 1132.4000244140625, 0.0, 0.0, 3.0
2016/07/04 14:13:53, 1467656033004, 40.60009298, -102.35285617, 1132.4000244140625, 0.0, 0.0, 3.0
2016/07/04 14:13:54, 1467656034078, 40.60009296, -102.35285619, 1132.4000244140625, 0.0, 0.0, 3.0
2016/07/04 14:13:55, 1467656035001, 40.60009295, -102.352856, 1132.4000244140625, 0.0, 0.0, 3.0
2016/07/04 14:13:56, 1467656036000, 40.60009283, -102.35285574, 1132.300048828125, 0.0, 0.0, 3.0
2016/07/04 14:13:57, 1467656037000, 40.60009271, -102.35285575, 1132.4000244140625, 0.0, 0.0, 3.0
2016/07/04 14:13:57, 1467656037999, 40.60009266, -102.3528558, 1132.4000244140625, 0.0, 0.0, 3.0
2016/07/04 14:13:59, 1467656039000, 40.60009263, -102.35285589, 1132.4000244140625, 0.0, 0.0, 3.0
2016/07/04 14:13:59, 1467656039997, 40.60009259, -102.35285598, 1132.4000244140625, 0.0, 0.0, 3.0
2016/07/04 14:14:00, 1467656040993, 40.60009249, -102.35285605, 1132.4000244140625, 0.0, 0.0, 3.0
2016/07/04 14:14:01, 1467656041988, 40.60009248, -102.3528561, 1132.4000244140625, 0.0, 0.0, 3.0
2016/07/04 14:14:02, 1467656042987, 40.60009238, -102.35285623, 1132.4000244140625, 0.0, 0.0, 3.0
2016/07/04 14:14:04, 1467656044017, 40.60009233, -102.35285623, 1132.5, 0.0, 0.0, 3.0
2016/07/04 14:14:05, 1467656045000, 40.60009225, -102.35285628, 1132.5, 0.0, 0.0, 3.0
2016/07/04 14:14:06, 1467656046002, 40.60009209, -102.35285591, 1132.4000244140625, 0.0, 0.0, 3.0
2016/07/04 14:14:06, 1467656046995, 40.600092, -102.35285595, 1132.5, 0.0, 0.0, 3.0
2016/07/04 14:14:08, 1467656048003, 40.60009194, -102.35285603, 1132.5, 0.0, 0.0, 3.0
2016/07/04 14:14:09, 1467656049006, 40.60009179, -102.35285619, 1132.5, 0.0, 0.0, 3.0
2016/07/04 14:14:10, 1467656050004, 40.60009178, -102.35285614, 1132.5, 0.0, 0.0, 3.0
2016/07/04 14:14:11, 1467656051008, 40.60009175, -102.35285602, 1132.5, 0.0, 0.0, 3.0
2016/07/04 14:14:11, 1467656051994, 40.60009176, -102.35285609, 1132.5, 0.0, 0.0, 3.0
2016/07/04 14:14:12, 1467656052994, 40.60009172, -102.35285613, 1132.5, 0.0, 0.0, 3.0
2016/07/04 14:14:14, 1467656054008, 40.60009167, -102.35285602, 1132.5, 0.0, 0.0, 3.0
2016/07/04 14:14:15, 1467656055020, 40.60009165, -102.35285601, 1132.5, 0.0, 0.0, 3.0
2016/07/04 14:14:16, 1467656056013, 40.60009166, -102.35285599, 1132.5, 0.0, 0.0, 3.0
2016/07/04 14:14:17, 1467656057003, 40.60007186, -102.35285004, 1131.300048828125, 0.5, 0.0, 4.0
2016/07/04 14:14:18, 1467656058002, 40.60007235, -102.35285095, 1131.5999755859375, 0.0, 0.0, 3.0
2016/07/04 14:14:18, 1467656058998, 40.60007218, -102.35285006, 1131.5, 0.0, 0.0, 3.0
2016/07/04 14:14:20, 1467656060008, 40.6000727, -102.35284894, 1131.4000244140625, 0.0, 0.0, 3.0
2016/07/04 14:14:20, 1467656060999, 40.60007458, -102.35284954, 1131.5, 0.0, 0.0, 3.0
2016/07/04 14:14:22, 1467656062068, 40.60007482, -102.35284966, 1131.4000244140625, 0.0, 0.0, 3.0
2016/07/04 14:14:23, 1467656063008, 40.60007427, -102.35284883, 1131.199951171875, 0.0, 0.0, 3.0
2016/07/04 14:14:24, 1467656064053, 40.60007333, -102.35284842, 1131.199951171875, 0.0, 0.0, 3.0
2016/07/04 14:14:25, 1467656065017, 40.60007434, -102.35284799, 1131.199951171875, 0.25, 0.0, 4.0
2016/07/04 14:14:26, 1467656066000, 40.6000759, -102.3528479, 1131.5999755859375, 0.0, 0.0, 3.0
2016/07/04 14:14:27, 1467656067045, 40.60007698, -102.35284834, 1131.5999755859375, 0.0, 0.0, 3.0
2016/07/04 14:14:28, 1467656068000, 40.60007748, -102.35284799, 1131.699951171875, 0.0, 0.0, 3.0
2016/07/04 14:14:28, 1467656068998, 40.60007776, -102.35284865, 1131.800048828125, 0.0, 0.0, 3.0
2016/07/04 14:14:29, 1467656069994, 40.60007744, -102.35284843, 1131.800048828125, 0.0, 0.0, 3.0
2016/07/04 14:14:30, 1467656070992, 40.60007685, -102.35284835, 1131.699951171875, 0.0, 0.0, 3.0
2016/07/04 14:14:31, 1467656071996, 40.60007681, -102.35284835, 1131.699951171875, 0.0, 0.0, 3.0
2016/07/04 14:14:32, 1467656072994, 40.60007777, -102.35284873, 1131.800048828125, 0.0, 0.0, 3.0
2016/07/04 14:14:33, 1467656073997, 40.6000776, -102.35284875, 1131.800048828125, 0.0, 0.0, 3.0
2016/07/04 14:14:34, 1467656074994, 40.60007809, -102.35284934, 1131.9000244140625, 0.0, 0.0, 3.0
2016/07/04 14:14:35, 1467656075991, 40.60007837, -102.35284923, 1131.9000244140625, 0.0, 0.0, 3.0
2016/07/04 14:14:36, 1467656076987, 40.60007858, -102.35284916, 1131.9000244140625, 0.0, 0.0, 3.0
2016/07/04 14:14:37, 1467656077994, 40.60007866, -102.35284918, 1131.9000244140625, 0.0, 0.0, 3.0
2016/07/04 14:14:39, 1467656079022, 40.60007873, -102.3528492, 1131.9000244140625, 0.0, 0.0, 3.0
2016/07/04 14:14:39, 1467656079998, 40.60007874, -102.3528492, 1131.9000244140625, 0.0, 0.0, 3.0
2016/07/04 14:14:40, 1467656080995, 40.60007875, -102.35284921, 1131.9000244140625, 0.0, 0.0, 3.0
2016/07/04 14:14:42, 1467656082054, 40.60007875, -102.35284921, 1131.9000244140625, 0.0, 0.0, 3.0
2016/07/04 14:14:42, 1467656082999, 40.60007875, -102.35284921, 1131.9000244140625, 0.0, 0.0, 3.0
2016/07/04 14:14:43, 1467656083988, 40.60007876, -102.35284922, 1131.9000244140625, 0.0, 0.0, 3.0
2016/07/04 14:14:45, 1467656085003, 40.60007878, -102.35284922, 1131.9000244140625, 0.0, 0.0, 3.0
2016/07/04 14:14:46, 1467656086007, 40.60007878, -102.35284921, 1131.9000244140625, 0.0, 0.0, 3.0
2016/07/04 14:14:47, 1467656087008, 40.60007874, -102.35284917, 1132.0, 0.0, 0.0, 4.0
2016/07/04 14:14:48, 1467656088013, 40.60008545, -102.35283721, 1130.800048828125, 0.0, 0.0, 3.0
2016/07/04 14:14:49, 1467656089029, 40.60008578, -102.35283625, 1130.699951171875, 0.0, 0.0, 3.0
2016/07/04 14:14:50, 1467656090047, 40.60008756, -102.35283748, 1130.9000244140625, 0.0, 0.0, 3.0
2016/07/04 14:14:50, 1467656090990, 40.60008933, -102.35284072, 1131.199951171875, 0.0, 0.0, 3.0
2016/07/04 14:14:51, 1467656091989, 40.60008926, -102.35284077, 1131.300048828125, 0.0, 0.0, 3.0
2016/07/04 14:14:52, 1467656092991, 40.6000878, -102.35284221, 1131.5, 0.0, 0.0, 3.0
2016/07/04 14:14:54, 1467656094035, 40.60008835, -102.35284186, 1131.5, 0.0, 0.0, 3.0
2016/07/04 14:14:54, 1467656094987, 40.60008781, -102.35284097, 1131.5999755859375, 0.0, 0.0, 3.0
2016/07/04 14:14:55, 1467656095986, 40.60008627, -102.35283859, 1131.5999755859375, 0.0, 0.0, 3.0
2016/07/04 14:14:57, 1467656097032, 40.60008742, -102.35283858, 1131.4000244140625, 0.0, 0.0, 3.0
2016/07/04 14:14:57, 1467656097991, 40.60008766, -102.35283872, 1131.5, 0.0, 0.0, 3.0
2016/07/04 14:14:58, 1467656098993, 40.60008803, -102.35283918, 1131.5, 0.0, 0.0, 3.0
2016/07/04 14:15:00, 1467656100059, 40.60008863, -102.35283978, 1131.5999755859375, 0.0, 0.0, 3.0
2016/07/04 14:15:00, 1467656100996, 40.60008874, -102.35283981, 1131.5999755859375, 0.0, 0.0, 3.0
2016/07/04 14:15:01, 1467656101990, 40.6000892, -102.35284033, 1131.699951171875, 0.0, 0.0, 3.0
2016/07/04 14:15:02, 1467656102993, 40.6000891, -102.35284018, 1131.699951171875, 0.0, 0.0, 3.0
2016/07/04 14:15:03, 1467656103987, 40.60008925, -102.35284035, 1131.699951171875, 0.0, 0.0, 3.0
2016/07/04 14:15:04, 1467656104987, 40.60008919, -102.35284026, 1131.699951171875, 0.0, 0.0, 3.0
2016/07/04 14:15:05, 1467656105995, 40.60008918, -102.35284026, 1131.699951171875, 0.0, 0.0, 3.0
2016/07/04 14:15:06, 1467656106987, 40.60008921, -102.35284027, 1131.699951171875, 0.0, 0.0, 3.0
2016/07/04 14:15:07, 1467656107992, 40.60008922, -102.35284027, 1131.699951171875, 0.0, 0.0, 3.0
2016/07/04 14:15:08, 1467656108996, 40.60008925, -102.35284029, 1131.699951171875, 0.0, 0.0, 3.0
2016/07/04 14:15:10, 1467656110003, 40.60008925, -102.3528403, 1131.699951171875, 0.0, 0.0, 3.0
2016/07/04 14:15:10, 1467656110997, 40.60008928, -102.35284032, 1131.699951171875, 0.0, 0.0, 3.0
2016/07/04 14:15:11, 1467656111988, 40.60008927, -102.35284032, 1131.699951171875, 0.0, 0.0, 3.0
2016/07/04 14:15:13, 1467656113047, 40.60008927, -102.35284031, 1131.699951171875, 0.0, 0.0, 3.0
2016/07/04 14:15:14, 1467656114007, 40.60008926, -102.3528403, 1131.699951171875, 0.0, 0.0, 3.0
2016/07/04 14:15:15, 1467656115014, 40.60008926, -102.35284029, 1131.699951171875, 0.0, 0.0, 3.0
2016/07/04 14:15:16, 1467656116012, 40.60008926, -102.35284028, 1131.699951171875, 0.0, 0.0, 3.0
2016/07/04 14:15:17, 1467656117031, 40.60008926, -102.35284027, 1131.699951171875, 0.0, 0.0, 3.0
2016/07/04 14:15:18, 1467656118021, 40.60008927, -102.35284028, 1131.699951171875, 0.0, 0.0, 3.0
2016/07/04 14:15:18, 1467656118991, 40.60008925, -102.35284029, 1131.699951171875, 0.0, 0.0, 3.0
2016/07/04 14:15:19, 1467656119992, 40.60008925, -102.35284028, 1131.699951171875, 0.0, 0.0, 3.0
2016/07/04 14:15:20, 1467656120987, 40.60008927, -102.35284027, 1131.699951171875, 0.0, 0.0, 3.0
2016/07/04 14:15:21, 1467656121987, 40.60008925, -102.35284028, 1131.699951171875, 0.0, 0.0, 3.0
2016/07/04 14:15:22, 1467656122986, 40.60008927, -102.35284028, 1131.699951171875, 0.0, 0.0, 3.0
2016/07/04 14:15:23, 1467656123989, 40.60008928, -102.35284028, 1131.699951171875, 0.0, 0.0, 3.0
2016/07/04 14:15:24, 1467656124986, 40.60008928, -102.35284027, 1131.699951171875, 0.0, 0.0, 3.0
2016/07/04 14:15:26, 1467656126015, 40.60008928, -102.35284027, 1131.699951171875, 0.0, 0.0, 3.0
2016/07/04 14:15:26, 1467656126999, 40.60008928, -102.35284026, 1131.699951171875, 0.0, 0.0, 3.0
2016/07/04 14:15:28, 1467656128060, 40.60008928, -102.35284027, 1131.699951171875, 0.0, 0.0, 3.0
2016/07/04 14:15:29, 1467656129015, 40.60008927, -102.35284027, 1131.699951171875, 0.0, 0.0, 3.0
2016/07/04 14:15:30, 1467656130005, 40.60008927, -102.35284027, 1131.699951171875, 0.0, 0.0, 3.0
2016/07/04 14:15:31, 1467656131021, 40.60008927, -102.35284026, 1131.699951171875, 0.0, 0.0, 3.0
2016/07/04 14:15:31, 1467656131985, 40.60008927, -102.35284026, 1131.699951171875, 0.0, 0.0, 3.0
2016/07/04 14:15:33, 1467656133001, 40.60008927, -102.35284026, 1131.699951171875, 0.0, 0.0, 3.0
2016/07/04 14:15:34, 1467656134000, 40.60008927, -102.35284026, 1131.699951171875, 0.0, 0.0, 3.0
2016/07/04 14:15:35, 1467656135001, 40.60008927, -102.35284026, 1131.699951171875, 0.0, 0.0, 3.0
2016/07/04 14:15:36, 1467656136003, 40.60008928, -102.35284027, 1131.699951171875, 0.0, 0.0, 3.0
2016/07/04 14:15:36, 1467656136996, 40.60008928, -102.35284028, 1131.699951171875, 0.0, 0.0, 3.0
2016/07/04 14:15:38, 1467656138008, 40.60008928, -102.35284028, 1131.699951171875, 0.0, 0.0, 3.0
2016/07/04 14:15:39, 1467656139016, 40.60008928, -102.35284029, 1131.699951171875, 0.0, 0.0, 3.0
2016/07/04 14:15:40, 1467656140012, 40.60008926, -102.35284028, 1131.699951171875, 0.0, 0.0, 3.0
2016/07/04 14:15:41, 1467656141017, 40.60008926, -102.35284026, 1131.699951171875, 0.0, 0.0, 3.0
2016/07/04 14:15:42, 1467656142024, 40.60008926, -102.35284027, 1131.699951171875, 0.0, 0.0, 3.0
2016/07/04 14:15:43, 1467656143007, 40.60008925, -102.35284027, 1131.699951171875, 0.0, 0.0, 3.0
2016/07/04 14:15:43, 1467656143988, 40.60008925, -102.35284028, 1131.699951171875, 0.0, 0.0, 3.0
2016/07/04 14:15:44, 1467656144989, 40.60008925, -102.35284029, 1131.699951171875, 0.0, 0.0, 3.0
2016/07/04 14:15:45, 1467656145984, 40.60008924, -102.35284027, 1131.699951171875, 0.0, 0.0, 3.0
2016/07/04 14:15:46, 1467656146988, 40.60008923, -102.35284028, 1131.699951171875, 0.0, 0.0, 3.0
2016/07/04 14:15:47, 1467656147988, 40.60008924, -102.35284025, 1131.699951171875, 0.0, 0.0, 3.0
2016/07/04 14:15:48, 1467656148990, 40.60008925, -102.35284023, 1131.699951171875, 0.0, 0.0, 3.0
2016/07/04 14:15:49, 1467656149987, 40.60008925, -102.35284024, 1131.699951171875, 0.0, 0.0, 3.0
2016/07/04 14:15:50, 1467656150991, 40.60008922, -102.35284019, 1131.699951171875, 0.0, 0.0, 3.0
2016/07/04 14:15:51, 1467656151990, 40.60008923, -102.35284019, 1131.699951171875, 0.0, 0.0, 3.0
2016/07/04 14:15:52, 1467656152994, 40.60008921, -102.35284017, 1131.699951171875, 0.0, 0.0, 3.0
2016/07/04 14:15:53, 1467656153994, 40.60008923, -102.35284015, 1131.699951171875, 0.0, 0.0, 3.0
2016/07/04 14:15:54, 1467656154991, 40.60008922, -102.35284018, 1131.699951171875, 0.0, 0.0, 3.0
2016/07/04 14:15:56, 1467656156016, 40.60008921, -102.35284016, 1131.699951171875, 0.0, 0.0, 3.0
2016/07/04 14:15:56, 1467656156989, 40.60008919, -102.35284019, 1131.699951171875, 0.0, 0.0, 3.0
2016/07/04 14:15:57, 1467656157993, 40.60008919, -102.35284018, 1131.699951171875, 0.0, 0.0, 3.0
2016/07/04 14:15:59, 1467656159028, 40.60008918, -102.35284012, 1131.699951171875, 0.0, 0.0, 3.0
2016/07/04 14:15:59, 1467656159998, 40.60008917, -102.35284015, 1131.699951171875, 0.0, 0.0, 3.0
2016/07/04 14:16:00, 1467656160989, 40.60008919, -102.35284011, 1131.699951171875, 0.0, 0.0, 3.0
2016/07/04 14:16:01, 1467656161994, 40.6000892, -102.35284014, 1131.699951171875, 0.0, 0.0, 3.0
2016/07/04 14:16:02, 1467656162994, 40.60008919, -102.35284016, 1131.699951171875, 0.0, 0.0, 3.0
2016/07/04 14:16:04, 1467656164006, 40.60008922, -102.35284013, 1131.699951171875, 0.0, 0.0, 3.0
2016/07/04 14:16:04, 1467656164986, 40.60008923, -102.35284011, 1131.699951171875, 0.0, 0.0, 3.0
2016/07/04 14:16:06, 1467656166001, 40.60008925, -102.35284009, 1131.699951171875, 0.0, 0.0, 3.0
2016/07/04 14:16:07, 1467656167000, 40.60008924, -102.35284008, 1131.699951171875, 0.0, 0.0, 3.0
2016/07/04 14:16:07, 1467656167990, 40.6000893, -102.35284008, 1131.699951171875, 0.0, 0.0, 3.0
2016/07/04 14:16:08, 1467656168999, 40.60008931, -102.35284007, 1131.699951171875, 0.0, 0.0, 3.0
2016/07/04 14:16:10, 1467656170009, 40.60008932, -102.35284011, 1131.699951171875, 0.0, 0.0, 3.0
2016/07/04 14:16:10, 1467656170991, 40.60008933, -102.35284003, 1131.699951171875, 0.0, 0.0, 3.0
2016/07/04 14:16:12, 1467656172020, 40.60008939, -102.35284001, 1131.699951171875, 0.0, 0.0, 3.0
2016/07/04 14:16:13, 1467656173011, 40.60008938, -102.35283997, 1131.699951171875, 0.0, 0.0, 3.0
2016/07/04 14:16:14, 1467656174043, 40.60008939, -102.35283999, 1131.699951171875, 0.0, 0.0, 3.0
2016/07/04 14:16:14, 1467656174989, 40.60008942, -102.35283997, 1131.699951171875, 0.0, 0.0, 3.0
2016/07/04 14:16:15, 1467656175985, 40.60008942, -102.35283997, 1131.699951171875, 0.0, 0.0, 3.0
2016/07/04 14:16:16, 1467656176984, 40.60008944, -102.35283999, 1131.699951171875, 0.0, 0.0, 3.0
2016/07/04 14:16:17, 1467656177986, 40.60008942, -102.35283997, 1131.699951171875, 0.0, 0.0, 3.0
2016/07/04 14:16:18, 1467656178985, 40.60008942, -102.35283995, 1131.699951171875, 0.0, 0.0, 3.0
2016/07/04 14:16:20, 1467656180034, 40.60008942, -102.35283995, 1131.699951171875, 0.0, 0.0, 3.0
2016/07/04 14:16:20, 1467656180986, 40.60008943, -102.35283994, 1131.699951171875, 0.0, 0.0, 3.0
2016/07/04 14:16:21, 1467656181993, 40.60008944, -102.35283994, 1131.699951171875, 0.0, 0.0, 3.0
2016/07/04 14:16:22, 1467656182992, 40.60008942, -102.35283995, 1131.699951171875, 0.0, 0.0, 3.0
2016/07/04 14:16:23, 1467656183985, 40.60008941, -102.35283996, 1131.699951171875, 0.0, 0.0, 3.0
2016/07/04 14:16:24, 1467656184984, 40.60008941, -102.35283996, 1131.699951171875, 0.0, 0.0, 3.0
2016/07/04 14:16:25, 1467656185989, 40.60008944, -102.35283995, 1131.699951171875, 0.0, 0.0, 3.0
2016/07/04 14:16:26, 1467656186991, 40.60008942, -102.35283992, 1131.699951171875, 0.0, 0.0, 3.0
2016/07/04 14:16:27, 1467656187990, 40.60008945, -102.35283991, 1131.699951171875, 0.0, 0.0, 3.0
2016/07/04 14:16:28, 1467656188989, 40.60008945, -102.35283988, 1131.699951171875, 0.0, 0.0, 3.0
2016/07/04 14:16:29, 1467656189985, 40.60008946, -102.3528399, 1131.699951171875, 0.0, 0.0, 3.0
2016/07/04 14:16:30, 1467656190991, 40.60008946, -102.35283989, 1131.699951171875, 0.0, 0.0, 3.0
2016/07/04 14:16:31, 1467656191991, 40.60008947, -102.35283986, 1131.699951171875, 0.0, 0.0, 3.0
2016/07/04 14:16:32, 1467656192987, 40.60008948, -102.35283986, 1131.699951171875, 0.0, 0.0, 3.0
2016/07/04 14:16:33, 1467656193993, 40.60008947, -102.35283984, 1131.699951171875, 0.0, 0.0, 3.0
2016/07/04 14:16:35, 1467656195020, 40.60008945, -102.35283983, 1131.699951171875, 0.0, 0.0, 3.0
2016/07/04 14:16:35, 1467656195988, 40.60008945, -102.35283981, 1131.699951171875, 0.0, 0.0, 3.0
2016/07/04 14:16:37, 1467656197002, 40.60008943, -102.35283982, 1131.699951171875, 0.0, 0.0, 3.0
2016/07/04 14:16:37, 1467656197986, 40.60008943, -102.35283985, 1131.699951171875, 0.0, 0.0, 3.0
2016/07/04 14:16:39, 1467656199004, 40.60008943, -102.35283987, 1131.699951171875, 0.0, 0.0, 3.0
2016/07/04 14:16:40, 1467656200000, 40.60008944, -102.3528398, 1131.699951171875, 0.0, 0.0, 3.0
2016/07/04 14:16:40, 1467656200991, 40.60008944, -102.35283982, 1131.699951171875, 0.0, 0.0, 3.0
2016/07/04 14:16:42, 1467656202012, 40.60008945, -102.3528398, 1131.699951171875, 0.0, 0.0, 3.0
2016/07/04 14:16:43, 1467656203016, 40.60008948, -102.35283976, 1131.699951171875, 0.0, 0.0, 3.0
2016/07/04 14:16:44, 1467656204036, 40.60008948, -102.35283977, 1131.699951171875, 0.0, 0.0, 3.0
2016/07/04 14:16:45, 1467656205027, 40.60008946, -102.35283976, 1131.699951171875, 0.0, 0.0, 3.0
2016/07/04 14:16:46, 1467656206013, 40.60008944, -102.35283974, 1131.699951171875, 0.0, 0.0, 3.0
2016/07/04 14:16:46, 1467656206988, 40.60008944, -102.35283977, 1131.699951171875, 0.0, 0.0, 3.0
2016/07/04 14:16:47, 1467656207990, 40.60008942, -102.3528398, 1131.699951171875, 0.0, 0.0, 3.0
2016/07/04 14:16:48, 1467656208990, 40.60008945, -102.35283976, 1131.699951171875, 0.0, 0.0, 3.0
2016/07/04 14:16:50, 1467656210063, 40.60008944, -102.35283976, 1131.699951171875, 0.0, 0.0, 3.0
2016/07/04 14:16:50, 1467656210985, 40.60008944, -102.35283971, 1131.699951171875, 0.0, 0.0, 3.0
2016/07/04 14:16:51, 1467656211989, 40.60008945, -102.35283971, 1131.699951171875, 0.0, 0.0, 3.0
2016/07/04 14:16:52, 1467656212990, 40.60008944, -102.35283969, 1131.699951171875, 0.0, 0.0, 3.0
2016/07/04 14:16:54, 1467656214052, 40.60008945, -102.35283959, 1131.699951171875, 0.0, 0.0, 3.0
2016/07/04 14:16:54, 1467656214984, 40.60008944, -102.35283958, 1131.699951171875, 0.0, 0.0, 3.0
2016/07/04 14:16:56, 1467656216000, 40.60008944, -102.35283955, 1131.699951171875, 0.0, 0.0, 3.0
2016/07/04 14:16:56, 1467656216992, 40.60008945, -102.35283951, 1131.699951171875, 0.0, 0.0, 3.0
2016/07/04 14:16:58, 1467656218002, 40.60008944, -102.35283958, 1131.699951171875, 0.0, 0.0, 3.0
2016/07/04 14:16:58, 1467656218988, 40.60008945, -102.35283957, 1131.699951171875, 0.0, 0.0, 3.0
2016/07/04 14:16:59, 1467656219987, 40.60008946, -102.35283954, 1131.699951171875, 0.0, 0.0, 3.0
2016/07/04 14:17:00, 1467656220989, 40.60008944, -102.35283952, 1131.699951171875, 0.0, 0.0, 3.0
2016/07/04 14:17:01, 1467656221982, 40.60008943, -102.35283953, 1131.699951171875, 0.0, 0.0, 3.0
2016/07/04 14:17:02, 1467656222996, 40.60008944, -102.35283958, 1131.699951171875, 0.0, 0.0, 3.0
2016/07/04 14:17:04, 1467656224025, 40.60008941, -102.35283959, 1131.699951171875, 0.0, 0.0, 3.0
2016/07/04 14:17:05, 1467656225029, 40.60008941, -102.35283956, 1131.699951171875, 0.0, 0.0, 3.0
2016/07/04 14:17:05, 1467656225995, 40.6000894, -102.35283957, 1131.699951171875, 0.0, 0.0, 3.0
2016/07/04 14:17:06, 1467656226992, 40.60008939, -102.35283959, 1131.699951171875, 0.0, 0.0, 3.0
2016/07/04 14:17:08, 1467656228003, 40.6000894, -102.35283956, 1131.699951171875, 0.0, 0.0, 3.0
2016/07/04 14:17:08, 1467656228986, 40.60008938, -102.35283954, 1131.699951171875, 0.0, 0.0, 3.0
2016/07/04 14:17:09, 1467656229991, 40.60008939, -102.35283956, 1131.699951171875, 0.0, 0.0, 3.0
2016/07/04 14:17:10, 1467656230990, 40.60008938, -102.35283959, 1131.699951171875, 0.0, 0.0, 3.0
2016/07/04 14:17:11, 1467656231989, 40.60008938, -102.35283959, 1131.699951171875, 0.0, 0.0, 3.0
2016/07/04 14:17:13, 1467656233016, 40.60008935, -102.35283957, 1131.699951171875, 0.0, 0.0, 3.0
2016/07/04 14:17:13, 1467656233997, 40.60008938, -102.35283947, 1131.5999755859375, 0.0, 0.0, 3.0
2016/07/04 14:17:14, 1467656234983, 40.60008937, -102.35283945, 1131.5999755859375, 0.0, 0.0, 3.0
2016/07/04 14:17:15, 1467656235987, 40.60008937, -102.35283942, 1131.5999755859375, 0.0, 0.0, 3.0
2016/07/04 14:17:16, 1467656236987, 40.60008939, -102.35283943, 1131.5999755859375, 0.0, 0.0, 3.0
2016/07/04 14:17:17, 1467656237990, 40.60008939, -102.35283938, 1131.5999755859375, 0.0, 0.0, 3.0
2016/07/04 14:17:18, 1467656238995, 40.60008939, -102.35283936, 1131.5999755859375, 0.0, 0.0, 3.0
2016/07/04 14:17:19, 1467656239988, 40.60008939, -102.35283929, 1131.5999755859375, 0.0, 0.0, 3.0
2016/07/04 14:17:20, 1467656240991, 40.60008943, -102.3528393, 1131.5999755859375, 0.0, 0.0, 3.0
2016/07/04 14:17:21, 1467656241984, 40.60008941, -102.35283933, 1131.5999755859375, 0.0, 0.0, 3.0
2016/07/04 14:17:22, 1467656242996, 40.6000894, -102.35283932, 1131.5999755859375, 0.0, 0.0, 3.0
2016/07/04 14:17:23, 1467656243991, 40.60008942, -102.35283926, 1131.5999755859375, 0.0, 0.0, 3.0
2016/07/04 14:17:24, 1467656244988, 40.60008942, -102.35283921, 1131.5999755859375, 0.0, 0.0, 3.0
2016/07/04 14:17:25, 1467656245992, 40.60008943, -102.35283918, 1131.5999755859375, 0.0, 0.0, 3.0
2016/07/04 14:17:26, 1467656246993, 40.60008945, -102.35283919, 1131.5999755859375, 0.0, 0.0, 3.0
2016/07/04 14:17:27, 1467656247991, 40.60008946, -102.35283916, 1131.5999755859375, 0.0, 0.0, 3.0
2016/07/04 14:17:28, 1467656248989, 40.60008947, -102.35283919, 1131.5999755859375, 0.0, 0.0, 3.0
2016/07/04 14:17:29, 1467656249988, 40.60008948, -102.35283916, 1131.5999755859375, 0.0, 0.0, 3.0
2016/07/04 14:17:30, 1467656250983, 40.60008947, -102.35283913, 1131.5999755859375, 0.0, 0.0, 3.0
2016/07/04 14:17:31, 1467656251990, 40.60008948, -102.35283911, 1131.5999755859375, 0.0, 0.0, 3.0
2016/07/04 14:17:32, 1467656252992, 40.60008946, -102.35283918, 1131.5999755859375, 0.0, 0.0, 3.0
2016/07/04 14:17:33, 1467656253987, 40.60008946, -102.35283919, 1131.5999755859375, 0.0, 0.0, 3.0
2016/07/04 14:17:35, 1467656255020, 40.6000895, -102.35283917, 1131.5999755859375, 0.0, 0.0, 3.0
2016/07/04 14:17:35, 1467656255985, 40.60008946, -102.35283917, 1131.5999755859375, 0.0, 0.0, 3.0
2016/07/04 14:17:36, 1467656256987, 40.60008945, -102.35283916, 1131.5999755859375, 0.0, 0.0, 3.0
2016/07/04 14:17:38, 1467656258003, 40.60008942, -102.35283919, 1131.5999755859375, 0.0, 0.0, 3.0
2016/07/04 14:17:38, 1467656258996, 40.60008944, -102.3528392, 1131.5999755859375, 0.0, 0.0, 3.0
2016/07/04 14:17:40, 1467656260007, 40.60008946, -102.35283921, 1131.5999755859375, 0.0, 0.0, 3.0
2016/07/04 14:17:41, 1467656261004, 40.60008947, -102.35283921, 1131.5999755859375, 0.0, 0.0, 3.0
2016/07/04 14:17:42, 1467656262010, 40.60008942, -102.35283916, 1131.5999755859375, 0.0, 0.0, 3.0
2016/07/04 14:17:43, 1467656263004, 40.60008943, -102.35283914, 1131.5999755859375, 0.0, 0.0, 3.0
2016/07/04 14:17:43, 1467656263984, 40.6000894, -102.35283911, 1131.5999755859375, 0.0, 0.0, 3.0
2016/07/04 14:17:45, 1467656265034, 40.6000894, -102.35283906, 1131.5999755859375, 0.0, 0.0, 3.0
2016/07/04 14:17:46, 1467656266003, 40.60008942, -102.3528391, 1131.5999755859375, 0.0, 0.0, 3.0
2016/07/04 14:17:47, 1467656267018, 40.60008944, -102.35283914, 1131.5999755859375, 0.0, 0.0, 3.0
2016/07/04 14:17:48, 1467656268017, 40.60008945, -102.35283917, 1131.5999755859375, 0.0, 0.0, 3.0
2016/07/04 14:17:48, 1467656268985, 40.60008949, -102.35283918, 1131.5999755859375, 0.0, 0.0, 3.0
2016/07/04 14:17:49, 1467656269984, 40.60008949, -102.35283918, 1131.5999755859375, 0.0, 0.0, 3.0
2016/07/04 14:17:50, 1467656270984, 40.60008952, -102.3528392, 1131.5999755859375, 0.0, 0.0, 3.0
2016/07/04 14:17:51, 1467656271984, 40.60008953, -102.35283919, 1131.5999755859375, 0.0, 0.0, 3.0
2016/07/04 14:17:52, 1467656272985, 40.60008958, -102.35283911, 1131.5999755859375, 0.0, 0.0, 3.0
2016/07/04 14:17:53, 1467656273991, 40.60008957, -102.3528391, 1131.5999755859375, 0.0, 0.0, 3.0
2016/07/04 14:17:54, 1467656274988, 40.60008956, -102.35283905, 1131.5999755859375, 0.0, 0.0, 3.0
2016/07/04 14:17:55, 1467656275997, 40.60008958, -102.35283904, 1131.5999755859375, 0.0, 0.0, 3.0
2016/07/04 14:17:56, 1467656276992, 40.6000896, -102.35283904, 1131.5999755859375, 0.0, 0.0, 3.0
2016/07/04 14:17:57, 1467656277985, 40.60008958, -102.35283904, 1131.5999755859375, 0.0, 0.0, 3.0
2016/07/04 14:17:58, 1467656278990, 40.60008956, -102.35283898, 1131.5999755859375, 0.0, 0.0, 3.0
2016/07/04 14:18:00, 1467656280058, 40.60008957, -102.35283894, 1131.5999755859375, 0.0, 0.0, 3.0
2016/07/04 14:18:00, 1467656280989, 40.60008957, -102.35283895, 1131.5999755859375, 0.0, 0.0, 3.0
2016/07/04 14:18:01, 1467656281987, 40.60008956, -102.35283889, 1131.5999755859375, 0.0, 0.0, 3.0
2016/07/04 14:18:02, 1467656282998, 40.60008957, -102.35283887, 1131.5999755859375, 0.0, 0.0, 3.0
2016/07/04 14:18:04, 1467656284017, 40.60008953, -102.35283884, 1131.5999755859375, 0.0, 0.0, 3.0
2016/07/04 14:18:04, 1467656284996, 40.60008952, -102.35283885, 1131.5999755859375, 0.0, 0.0, 3.0
2016/07/04 14:18:05, 1467656285986, 40.60008951, -102.35283883, 1131.5999755859375, 0.0, 0.0, 3.0
2016/07/04 14:18:06, 1467656286986, 40.60008948, -102.35283884, 1131.5999755859375, 0.0, 0.0, 3.0
2016/07/04 14:18:07, 1467656287987, 40.60008947, -102.35283885, 1131.5999755859375, 0.0, 0.0, 3.0
2016/07/04 14:18:08, 1467656288989, 40.6000895, -102.35283882, 1131.5999755859375, 0.0, 0.0, 3.0
2016/07/04 14:18:10, 1467656290012, 40.60008954, -102.35283879, 1131.5999755859375, 0.0, 0.0, 3.0
2016/07/04 14:18:10, 1467656290999, 40.60008954, -102.35283878, 1131.5999755859375, 0.0, 0.0, 3.0
2016/07/04 14:18:12, 1467656292002, 40.60008959, -102.35283876, 1131.5999755859375, 0.0, 0.0, 3.0
2016/07/04 14:18:13, 1467656293002, 40.60008957, -102.35283877, 1131.5999755859375, 0.0, 0.0, 3.0
2016/07/04 14:18:14, 1467656294005, 40.60008959, -102.3528388, 1131.5999755859375, 0.0, 0.0, 3.0
2016/07/04 14:18:14, 1467656294999, 40.60008959, -102.35283881, 1131.5999755859375, 0.0, 0.0, 3.0
2016/07/04 14:18:15, 1467656295992, 40.6000896, -102.3528388, 1131.5999755859375, 0.0, 0.0, 3.0
2016/07/04 14:18:16, 1467656296984, 40.60008963, -102.35283879, 1131.5999755859375, 0.0, 0.0, 3.0
2016/07/04 14:18:17, 1467656297985, 40.60008964, -102.35283883, 1131.5999755859375, 0.0, 0.0, 3.0
2016/07/04 14:18:18, 1467656298993, 40.60008964, -102.35283886, 1131.5999755859375, 0.0, 0.0, 3.0
2016/07/04 14:18:19, 1467656299986, 40.60008964, -102.35283886, 1131.5999755859375, 0.0, 0.0, 4.0
2016/07/04 14:18:20, 1467656300990, 40.60008965, -102.35283887, 1131.5999755859375, 0.0, 0.0, 3.0
2016/07/04 14:18:21, 1467656301985, 40.60008964, -102.35283888, 1131.5999755859375, 0.0, 0.0, 3.0
2016/07/04 14:18:22, 1467656302987, 40.60008964, -102.35283888, 1131.5999755859375, 0.0, 0.0, 3.0
2016/07/04 14:18:23, 1467656303991, 40.60008964, -102.35283886, 1131.5999755859375, 0.0, 0.0, 3.0
2016/07/04 14:18:24, 1467656304992, 40.60008965, -102.3528389, 1131.5999755859375, 0.0, 0.0, 3.0
2016/07/04 14:18:25, 1467656305990, 40.60008965, -102.35283893, 1131.699951171875, 0.0, 0.0, 3.0
2016/07/04 14:18:26, 1467656306996, 40.60008965, -102.3528389, 1131.699951171875, 0.0, 0.0, 3.0
2016/07/04 14:18:27, 1467656307985, 40.60008966, -102.35283889, 1131.699951171875, 0.0, 0.0, 3.0
2016/07/04 14:18:28, 1467656308991, 40.60008966, -102.35283887, 1131.699951171875, 0.0, 0.0, 3.0
2016/07/04 14:18:29, 1467656309987, 40.60008969, -102.35283886, 1131.699951171875, 0.0, 0.0, 3.0
2016/07/04 14:18:30, 1467656310987, 40.60008968, -102.35283887, 1131.699951171875, 0.0, 0.0, 3.0
2016/07/04 14:18:31, 1467656311994, 40.6000897, -102.35283886, 1131.699951171875, 0.0, 0.0, 3.0
2016/07/04 14:18:32, 1467656312995, 40.60008973, -102.35283888, 1131.699951171875, 0.0, 0.0, 3.0
2016/07/04 14:18:33, 1467656313991, 40.60008972, -102.35283889, 1131.699951171875, 0.0, 0.0, 3.0
2016/07/04 14:18:34, 1467656314989, 40.60008972, -102.35283892, 1131.699951171875, 0.0, 0.0, 3.0
2016/07/04 14:18:35, 1467656315984, 40.60008973, -102.35283892, 1131.699951171875, 0.0, 0.0, 3.0
2016/07/04 14:18:36, 1467656316998, 40.60008974, -102.35283892, 1131.699951171875, 0.0, 0.0, 3.0
2016/07/04 14:18:38, 1467656318006, 40.60008971, -102.35283893, 1131.699951171875, 0.0, 0.0, 3.0
2016/07/04 14:18:39, 1467656319004, 40.60008972, -102.35283894, 1131.699951171875, 0.0, 0.0, 3.0
2016/07/04 14:18:40, 1467656320011, 40.60008973, -102.35283893, 1131.699951171875, 0.0, 0.0, 3.0
2016/07/04 14:18:41, 1467656321008, 40.60008972, -102.35283895, 1131.699951171875, 0.0, 0.0, 3.0
2016/07/04 14:18:42, 1467656322002, 40.60008972, -102.35283894, 1131.699951171875, 0.0, 0.0, 3.0
2016/07/04 14:18:43, 1467656323017, 40.60008973, -102.35283892, 1131.699951171875, 0.0, 0.0, 3.0
2016/07/04 14:18:43, 1467656323984, 40.60008975, -102.35283892, 1131.699951171875, 0.0, 0.0, 3.0
2016/07/04 14:18:44, 1467656324985, 40.60008976, -102.35283892, 1131.699951171875, 0.0, 0.0, 3.0
2016/07/04 14:18:46, 1467656326027, 40.60008977, -102.35283895, 1131.699951171875, 0.0, 0.0, 3.0
2016/07/04 14:18:47, 1467656327025, 40.60008977, -102.35283895, 1131.699951171875, 0.0, 0.0, 3.0
2016/07/04 14:18:48, 1467656328055, 40.60008977, -102.35283895, 1131.699951171875, 0.0, 0.0, 3.0
2016/07/04 14:18:48, 1467656328985, 40.60008979, -102.35283896, 1131.699951171875, 0.0, 0.0, 3.0
2016/07/04 14:18:49, 1467656329988, 40.60008978, -102.35283898, 1131.699951171875, 0.0, 0.0, 3.0
2016/07/04 14:18:50, 1467656330988, 40.60008979, -102.35283899, 1131.699951171875, 0.0, 0.0, 3.0
2016/07/04 14:18:51, 1467656331987, 40.60008976, -102.35283899, 1131.699951171875, 0.0, 0.0, 3.0
2016/07/04 14:18:52, 1467656332995, 40.60008976, -102.35283901, 1131.699951171875, 0.0, 0.0, 3.0
2016/07/04 14:18:53, 1467656333987, 40.60008976, -102.35283899, 1131.699951171875, 0.0, 0.0, 3.0
2016/07/04 14:18:54, 1467656334991, 40.60008976, -102.35283901, 1131.699951171875, 0.0, 0.0, 3.0
2016/07/04 14:18:55, 1467656335984, 40.60008976, -102.35283904, 1131.699951171875, 0.0, 0.0, 3.0
2016/07/04 14:18:56, 1467656336995, 40.60008977, -102.35283903, 1131.699951171875, 0.0, 0.0, 3.0
2016/07/04 14:18:57, 1467656337997, 40.60008979, -102.35283902, 1131.699951171875, 0.0, 0.0, 3.0
2016/07/04 14:18:59, 1467656339042, 40.6000898, -102.35283903, 1131.699951171875, 0.0, 0.0, 3.0
2016/07/04 14:19:00, 1467656340041, 40.60008979, -102.35283904, 1131.699951171875, 0.0, 0.0, 3.0
2016/07/04 14:19:00, 1467656340981, 40.60008978, -102.35283903, 1131.699951171875, 0.0, 0.0, 3.0
2016/07/04 14:19:02, 1467656342005, 40.60008978, -102.35283905, 1131.699951171875, 0.0, 0.0, 3.0
2016/07/04 14:19:03, 1467656343048, 40.60008976, -102.35283904, 1131.699951171875, 0.0, 0.0, 3.0
2016/07/04 14:19:04, 1467656344010, 40.60008976, -102.35283904, 1131.699951171875, 0.0, 0.0, 3.0
2016/07/04 14:19:05, 1467656345024, 40.60008978, -102.35283903, 1131.699951171875, 0.0, 0.0, 3.0
2016/07/04 14:19:06, 1467656346005, 40.60008978, -102.35283906, 1131.699951171875, 0.0, 0.0, 3.0
2016/07/04 14:19:07, 1467656347018, 40.60008977, -102.35283906, 1131.699951171875, 0.0, 0.0, 3.0
2016/07/04 14:19:07, 1467656347988, 40.60008978, -102.35283909, 1131.699951171875, 0.0, 0.0, 3.0
% Stopped at 2016/07/04 14:19:08
