% Combine joe 6088: gps_2016_07_04_14_09_21.txt
% Time, GPS time, lat, lon, altitude, speed, bearing, accuracy
2016/07/04 14:09:24, 1467655764999, 40.60009331, -102.35285581, 1137.300048828125, 0.0, 0.0, 6.0
2016/07/04 14:09:25, 1467655765960, 40.60009331, -102.3528566, 1137.4000244140625, 0.0, 0.0, 5.0
2016/07/04 14:09:26, 1467655766967, 40.60009347, -102.35285715, 1137.4000244140625, 0.0, 0.0, 4.0
2016/07/04 14:09:27, 1467655767968, 40.60009221, -102.35285677, 1137.5, 0.25, 0.0, 4.0
2016/07/04 14:09:28, 1467655768963, 40.6000857, -102.35284453, 1137.5999755859375, 0.0, 0.0, 3.0
2016/07/04 14:09:29, 1467655769964, 40.60007794, -102.35284543, 1136.300048828125, 0.0, 0.0, 3.0
2016/07/04 14:09:30, 1467655770964, 40.60007092, -102.35284664, 1135.9000244140625, 0.0, 0.0, 3.0
2016/07/04 14:09:31, 1467655771973, 40.60007789, -102.35285081, 1136.0, 0.0, 0.0, 3.0
2016/07/04 14:09:32, 1467655772969, 40.60007658, -102.35285185, 1137.0999755859375, 0.0, 0.0, 3.0
2016/07/04 14:09:33, 1467655773975, 40.60007733, -102.35285241, 1138.0, 0.0, 0.0, 3.0
2016/07/04 14:09:34, 1467655774963, 40.60007775, -102.35285236, 1138.300048828125, 0.0, 0.0, 3.0
2016/07/04 14:09:35, 1467655775964, 40.60007918, -102.35285453, 1138.800048828125, 0.0, 0.0, 3.0
2016/07/04 14:09:36, 1467655776964, 40.60008236, -102.35285616, 1138.5999755859375, 0.0, 0.0, 3.0
2016/07/04 14:09:37, 1467655777975, 40.60008417, -102.35285543, 1139.0, 0.0, 0.0, 3.0
2016/07/04 14:09:38, 1467655778964, 40.60008396, -102.35285386, 1139.0999755859375, 0.25, 0.0, 3.0
2016/07/04 14:09:39, 1467655779965, 40.60008444, -102.35285315, 1139.5999755859375, 0.0, 0.0, 4.0
2016/07/04 14:09:40, 1467655780965, 40.60008715, -102.35285295, 1137.300048828125, 0.0, 0.0, 3.0
2016/07/04 14:09:41, 1467655781971, 40.60008694, -102.35285199, 1136.800048828125, 0.0, 0.0, 3.0
2016/07/04 14:09:42, 1467655782963, 40.60008696, -102.35285099, 1136.699951171875, 0.0, 0.0, 3.0
2016/07/04 14:09:43, 1467655783966, 40.60008738, -102.35285037, 1136.5999755859375, 0.0, 0.0, 3.0
2016/07/04 14:09:44, 1467655784971, 40.60008781, -102.35284926, 1136.5, 0.0, 0.0, 3.0
2016/07/04 14:09:45, 1467655785972, 40.60008783, -102.35284985, 1136.199951171875, 0.0, 0.0, 3.0
2016/07/04 14:09:46, 1467655786978, 40.60008875, -102.35285116, 1136.4000244140625, 0.0, 0.0, 3.0
2016/07/04 14:09:47, 1467655787974, 40.60008995, -102.35285194, 1136.5, 0.0, 0.0, 3.0
2016/07/04 14:09:48, 1467655788966, 40.60009082, -102.35285209, 1136.5999755859375, 0.0, 0.0, 3.0
2016/07/04 14:09:49, 1467655789963, 40.60009149, -102.35285175, 1136.5999755859375, 0.0, 0.0, 3.0
2016/07/04 14:09:50, 1467655790964, 40.60009161, -102.35285136, 1136.5999755859375, 0.0, 0.0, 3.0
2016/07/04 14:09:51, 1467655791963, 40.60009204, -102.35285114, 1136.5999755859375, 0.0, 0.0, 3.0
2016/07/04 14:09:52, 1467655792964, 40.60009205, -102.35285112, 1136.5999755859375, 0.0, 0.0, 3.0
2016/07/04 14:09:53, 1467655793967, 40.600092, -102.35285113, 1136.5999755859375, 0.0, 0.0, 3.0
2016/07/04 14:09:54, 1467655794965, 40.60009203, -102.35285115, 1136.5999755859375, 0.0, 0.0, 3.0
2016/07/04 14:09:55, 1467655795964, 40.60009204, -102.35285116, 1136.5999755859375, 0.0, 0.0, 3.0
2016/07/04 14:09:56, 1467655796963, 40.60009203, -102.35285115, 1136.5999755859375, 0.0, 0.0, 3.0
2016/07/04 14:09:57, 1467655797962, 40.60009204, -102.35285114, 1136.5999755859375, 0.0, 0.0, 3.0
2016/07/04 14:09:58, 1467655798963, 40.60009204, -102.35285114, 1136.5999755859375, 0.0, 0.0, 3.0
2016/07/04 14:09:59, 1467655799968, 40.60009263, -102.35285086, 1136.5, 0.0, 0.0, 3.0
2016/07/04 14:10:00, 1467655800965, 40.60009421, -102.35285105, 1136.5999755859375, 0.25, 0.0, 4.0
2016/07/04 14:10:02, 1467655802028, 40.60009269, -102.35284908, 1136.5999755859375, 0.0, 0.0, 3.0
2016/07/04 14:10:02, 1467655802988, 40.60009317, -102.35284945, 1136.5, 0.0, 0.0, 3.0
2016/07/04 14:10:03, 1467655803968, 40.60009293, -102.35284913, 1136.5999755859375, 0.0, 0.0, 4.0
2016/07/04 14:10:04, 1467655804977, 40.60009291, -102.35284883, 1136.699951171875, 0.0, 0.0, 3.0
2016/07/04 14:10:05, 1467655805975, 40.600093, -102.35284865, 1136.699951171875, 0.0, 0.0, 3.0
2016/07/04 14:10:06, 1467655806971, 40.6000923, -102.35284953, 1136.699951171875, 0.25, 0.0, 3.0
2016/07/04 14:10:07, 1467655807964, 40.60009131, -102.35284503, 1136.699951171875, 0.0, 0.0, 4.0
2016/07/04 14:10:08, 1467655808963, 40.6000944, -102.35284454, 1136.5999755859375, 0.0, 0.0, 3.0
2016/07/04 14:10:09, 1467655809966, 40.6000944, -102.35284457, 1136.5999755859375, 0.0, 0.0, 3.0
2016/07/04 14:10:10, 1467655810964, 40.60009477, -102.35284444, 1136.5999755859375, 0.0, 0.0, 3.0
2016/07/04 14:10:11, 1467655811963, 40.6000953, -102.35284489, 1136.699951171875, 0.0, 0.0, 3.0
2016/07/04 14:10:12, 1467655812963, 40.60009612, -102.35284505, 1136.699951171875, 0.0, 0.0, 3.0
2016/07/04 14:10:13, 1467655813962, 40.60009678, -102.35284501, 1136.800048828125, 0.0, 0.0, 3.0
2016/07/04 14:10:14, 1467655814963, 40.60009789, -102.35284541, 1136.699951171875, 0.0, 0.0, 3.0
2016/07/04 14:10:15, 1467655815965, 40.60009813, -102.35284555, 1136.5999755859375, 0.0, 0.0, 3.0
2016/07/04 14:10:16, 1467655816977, 40.60009862, -102.35284566, 1136.5999755859375, 0.0, 0.0, 3.0
2016/07/04 14:10:18, 1467655818033, 40.60009855, -102.35284567, 1136.699951171875, 0.0, 0.0, 3.0
2016/07/04 14:10:18, 1467655818990, 40.60009847, -102.35284565, 1136.699951171875, 0.0, 0.0, 3.0
2016/07/04 14:10:19, 1467655819967, 40.60009836, -102.35284566, 1136.699951171875, 0.0, 0.0, 3.0
2016/07/04 14:10:20, 1467655820974, 40.60009841, -102.35284567, 1136.699951171875, 0.0, 0.0, 3.0
2016/07/04 14:10:21, 1467655821971, 40.60009842, -102.35284564, 1136.699951171875, 0.0, 0.0, 3.0
2016/07/04 14:10:22, 1467655822966, 40.60009842, -102.35284564, 1136.699951171875, 0.0, 0.0, 3.0
2016/07/04 14:10:23, 1467655823977, 40.60009842, -102.35284563, 1136.699951171875, 0.0, 0.0, 3.0
2016/07/04 14:10:24, 1467655824975, 40.60009844, -102.35284563, 1136.699951171875, 0.0, 0.0, 3.0
2016/07/04 14:10:25, 1467655825964, 40.60009844, -102.35284562, 1136.699951171875, 0.0, 0.0, 3.0
2016/07/04 14:10:27, 1467655827031, 40.60009844, -102.35284561, 1136.699951171875, 0.0, 0.0, 3.0
2016/07/04 14:10:27, 1467655827968, 40.60009845, -102.35284561, 1136.699951171875, 0.0, 0.0, 3.0
2016/07/04 14:10:28, 1467655828965, 40.60009846, -102.35284561, 1136.699951171875, 0.0, 0.0, 3.0
2016/07/04 14:10:29, 1467655829962, 40.60009846, -102.35284561, 1136.699951171875, 0.0, 0.0, 3.0
2016/07/04 14:10:30, 1467655830962, 40.60009846, -102.35284562, 1136.699951171875, 0.0, 0.0, 3.0
2016/07/04 14:10:31, 1467655831984, 40.60009847, -102.35284562, 1136.699951171875, 0.0, 0.0, 3.0
2016/07/04 14:10:32, 1467655832990, 40.60009847, -102.35284561, 1136.699951171875, 0.0, 0.0, 3.0
2016/07/04 14:10:33, 1467655833968, 40.60009847, -102.35284561, 1136.699951171875, 0.0, 0.0, 3.0
2016/07/04 14:10:34, 1467655834997, 40.60009846, -102.35284561, 1136.699951171875, 0.0, 0.0, 3.0
2016/07/04 14:10:35, 1467655835975, 40.60009847, -102.35284561, 1136.699951171875, 0.0, 0.0, 3.0
2016/07/04 14:10:36, 1467655836966, 40.60009846, -102.35284561, 1136.699951171875, 0.0, 0.0, 3.0
2016/07/04 14:10:37, 1467655837963, 40.60009846, -102.35284561, 1136.699951171875, 0.0, 0.0, 3.0
2016/07/04 14:10:38, 1467655838964, 40.60009846, -102.3528456, 1136.699951171875, 0.0, 0.0, 3.0
2016/07/04 14:10:39, 1467655839963, 40.60009847, -102.3528456, 1136.699951171875, 0.0, 0.0, 3.0
2016/07/04 14:10:40, 1467655840962, 40.60009847, -102.3528456, 1136.699951171875, 0.0, 0.0, 3.0
2016/07/04 14:10:41, 1467655841961, 40.60009847, -102.3528456, 1136.699951171875, 0.0, 0.0, 3.0
2016/07/04 14:10:43, 1467655843010, 40.60009847, -102.3528456, 1136.699951171875, 0.0, 0.0, 3.0
2016/07/04 14:10:43, 1467655843962, 40.60009847, -102.35284559, 1136.699951171875, 0.0, 0.0, 3.0
2016/07/04 14:10:44, 1467655844985, 40.60009846, -102.35284559, 1136.699951171875, 0.0, 0.0, 3.0
2016/07/04 14:10:45, 1467655845963, 40.60009846, -102.35284559, 1136.699951171875, 0.0, 0.0, 3.0
2016/07/04 14:10:46, 1467655846982, 40.60009846, -102.35284559, 1136.699951171875, 0.0, 0.0, 3.0
2016/07/04 14:10:47, 1467655847963, 40.60009846, -102.35284559, 1136.699951171875, 0.0, 0.0, 3.0
2016/07/04 14:10:48, 1467655848984, 40.60009847, -102.35284559, 1136.699951171875, 0.0, 0.0, 3.0
2016/07/04 14:10:49, 1467655849978, 40.60009846, -102.35284559, 1136.699951171875, 0.0, 0.0, 3.0
2016/07/04 14:10:50, 1467655850975, 40.60009847, -102.35284559, 1136.699951171875, 0.0, 0.0, 3.0
2016/07/04 14:10:51, 1467655851973, 40.60009846, -102.35284559, 1136.699951171875, 0.0, 0.0, 3.0
2016/07/04 14:10:52, 1467655852968, 40.60009846, -102.35284559, 1136.699951171875, 0.0, 0.0, 3.0
2016/07/04 14:10:53, 1467655853962, 40.60009845, -102.35284559, 1136.699951171875, 0.0, 0.0, 3.0
2016/07/04 14:10:54, 1467655854962, 40.60009845, -102.35284559, 1136.699951171875, 0.0, 0.0, 3.0
2016/07/04 14:10:55, 1467655855966, 40.60009845, -102.35284559, 1136.699951171875, 0.0, 0.0, 3.0
2016/07/04 14:10:57, 1467655857030, 40.60009845, -102.35284559, 1136.699951171875, 0.0, 0.0, 3.0
2016/07/04 14:10:57, 1467655857960, 40.60009845, -102.35284559, 1136.699951171875, 0.0, 0.0, 3.0
2016/07/04 14:10:58, 1467655858980, 40.60009844, -102.35284559, 1136.699951171875, 0.0, 0.0, 3.0
2016/07/04 14:10:59, 1467655859973, 40.60009845, -102.35284559, 1136.5999755859375, 0.0, 0.0, 3.0
2016/07/04 14:11:01, 1467655861003, 40.60009845, -102.35284559, 1136.5999755859375, 0.0, 0.0, 3.0
2016/07/04 14:11:01, 1467655861999, 40.60009844, -102.35284559, 1136.5999755859375, 0.0, 0.0, 3.0
2016/07/04 14:11:02, 1467655862965, 40.60009844, -102.35284559, 1136.5999755859375, 0.0, 0.0, 3.0
2016/07/04 14:11:03, 1467655863968, 40.60009845, -102.3528456, 1136.5999755859375, 0.0, 0.0, 3.0
2016/07/04 14:11:04, 1467655864968, 40.60009845, -102.35284559, 1136.5999755859375, 0.0, 0.0, 3.0
2016/07/04 14:11:05, 1467655865962, 40.60009844, -102.35284559, 1136.5999755859375, 0.0, 0.0, 3.0
2016/07/04 14:11:06, 1467655866968, 40.60009843, -102.35284559, 1136.5999755859375, 0.0, 0.0, 3.0
2016/07/04 14:11:08, 1467655868036, 40.60009844, -102.35284558, 1136.5999755859375, 0.0, 0.0, 3.0
2016/07/04 14:11:08, 1467655868971, 40.60009844, -102.35284559, 1136.5999755859375, 0.0, 0.0, 3.0
2016/07/04 14:11:09, 1467655869978, 40.6000982, -102.35284347, 1136.4000244140625, 0.25, 0.0, 3.0
2016/07/04 14:11:10, 1467655870988, 40.60009857, -102.35283987, 1136.5999755859375, 0.25, 0.0, 4.0
2016/07/04 14:11:11, 1467655871986, 40.60009839, -102.35283973, 1136.4000244140625, 0.0, 0.0, 3.0
2016/07/04 14:11:12, 1467655872961, 40.60009823, -102.35283967, 1136.5, 0.0, 0.0, 3.0
2016/07/04 14:11:13, 1467655873973, 40.60009827, -102.35283986, 1136.5, 0.0, 0.0, 3.0
2016/07/04 14:11:14, 1467655874970, 40.60009811, -102.35283976, 1136.4000244140625, 0.0, 0.0, 3.0
2016/07/04 14:11:16, 1467655876000, 40.60009809, -102.35283922, 1136.300048828125, 0.0, 0.0, 3.0
2016/07/04 14:11:17, 1467655877031, 40.60009812, -102.35283902, 1136.300048828125, 0.0, 0.0, 3.0
2016/07/04 14:11:17, 1467655877962, 40.60009812, -102.35283872, 1136.199951171875, 0.0, 0.0, 3.0
2016/07/04 14:11:18, 1467655878963, 40.60009812, -102.35283814, 1136.199951171875, 0.0, 0.0, 3.0
2016/07/04 14:11:19, 1467655879964, 40.60009812, -102.35283821, 1136.199951171875, 0.0, 0.0, 3.0
2016/07/04 14:11:20, 1467655880966, 40.60009814, -102.35283824, 1136.199951171875, 0.0, 0.0, 3.0
2016/07/04 14:11:21, 1467655881962, 40.60009818, -102.35283843, 1136.199951171875, 0.0, 0.0, 3.0
2016/07/04 14:11:22, 1467655882963, 40.60009822, -102.35283854, 1136.199951171875, 0.0, 0.0, 3.0
2016/07/04 14:11:23, 1467655883970, 40.60009821, -102.35283858, 1136.199951171875, 0.0, 0.0, 3.0
2016/07/04 14:11:24, 1467655884964, 40.60009821, -102.35283859, 1136.199951171875, 0.0, 0.0, 3.0
2016/07/04 14:11:25, 1467655885962, 40.60009821, -102.35283859, 1136.199951171875, 0.0, 0.0, 3.0
2016/07/04 14:11:26, 1467655886988, 40.60009821, -102.35283859, 1136.199951171875, 0.0, 0.0, 3.0
2016/07/04 14:11:28, 1467655888001, 40.60009821, -102.35283858, 1136.199951171875, 0.0, 0.0, 3.0
2016/07/04 14:11:28, 1467655888997, 40.60009821, -102.35283857, 1136.199951171875, 0.0, 0.0, 3.0
2016/07/04 14:11:29, 1467655889962, 40.60009822, -102.35283856, 1136.199951171875, 0.0, 0.0, 3.0
2016/07/04 14:11:30, 1467655890961, 40.60009822, -102.35283856, 1136.199951171875, 0.0, 0.0, 3.0
2016/07/04 14:11:31, 1467655891999, 40.60009822, -102.35283856, 1136.199951171875, 0.0, 0.0, 3.0
2016/07/04 14:11:32, 1467655892962, 40.60009822, -102.35283856, 1136.199951171875, 0.0, 0.0, 3.0
2016/07/04 14:11:33, 1467655893963, 40.60009822, -102.35283857, 1136.199951171875, 0.0, 0.0, 3.0
2016/07/04 14:11:34, 1467655894990, 40.60009822, -102.35283857, 1136.199951171875, 0.0, 0.0, 3.0
2016/07/04 14:11:36, 1467655896026, 40.60009822, -102.35283857, 1136.199951171875, 0.0, 0.0, 3.0
2016/07/04 14:11:36, 1467655896962, 40.60009821, -102.35283857, 1136.199951171875, 0.0, 0.0, 3.0
2016/07/04 14:11:37, 1467655897992, 40.60009821, -102.35283858, 1136.199951171875, 0.0, 0.0, 3.0
2016/07/04 14:11:38, 1467655898967, 40.60009821, -102.35283858, 1136.199951171875, 0.0, 0.0, 3.0
2016/07/04 14:11:39, 1467655899968, 40.60009821, -102.35283858, 1136.199951171875, 0.0, 0.0, 3.0
2016/07/04 14:11:40, 1467655900969, 40.60009821, -102.35283858, 1136.199951171875, 0.0, 0.0, 3.0
2016/07/04 14:11:41, 1467655901966, 40.60009821, -102.35283858, 1136.199951171875, 0.0, 0.0, 3.0
2016/07/04 14:11:42, 1467655902969, 40.6000982, -102.35283857, 1136.199951171875, 0.0, 0.0, 3.0
2016/07/04 14:11:43, 1467655903979, 40.60009821, -102.35283858, 1136.199951171875, 0.0, 0.0, 3.0
2016/07/04 14:11:44, 1467655904963, 40.60009821, -102.35283858, 1136.199951171875, 0.0, 0.0, 3.0
2016/07/04 14:11:45, 1467655905962, 40.60009822, -102.35283857, 1136.199951171875, 0.0, 0.0, 3.0
2016/07/04 14:11:46, 1467655906984, 40.60009822, -102.35283858, 1136.199951171875, 0.0, 0.0, 3.0
2016/07/04 14:11:47, 1467655907979, 40.60009822, -102.35283858, 1136.199951171875, 0.0, 0.0, 3.0
2016/07/04 14:11:48, 1467655908962, 40.60009822, -102.35283858, 1136.199951171875, 0.0, 0.0, 3.0
2016/07/04 14:11:49, 1467655909988, 40.60009822, -102.35283858, 1136.199951171875, 0.0, 0.0, 3.0
2016/07/04 14:11:50, 1467655910986, 40.60009822, -102.35283858, 1136.199951171875, 0.0, 0.0, 3.0
2016/07/04 14:11:51, 1467655911979, 40.60009821, -102.35283859, 1136.199951171875, 0.0, 0.0, 3.0
2016/07/04 14:11:53, 1467655913010, 40.60009821, -102.35283859, 1136.199951171875, 0.0, 0.0, 3.0
2016/07/04 14:11:53, 1467655913972, 40.6000982, -102.35283859, 1136.199951171875, 0.0, 0.0, 3.0
2016/07/04 14:11:54, 1467655914972, 40.6000982, -102.3528386, 1136.199951171875, 0.0, 0.0, 3.0
2016/07/04 14:11:55, 1467655915970, 40.6000982, -102.3528386, 1136.199951171875, 0.0, 0.0, 3.0
2016/07/04 14:11:56, 1467655916982, 40.6000982, -102.3528386, 1136.199951171875, 0.0, 0.0, 3.0
2016/07/04 14:11:57, 1467655917978, 40.60009819, -102.3528386, 1136.199951171875, 0.0, 0.0, 3.0
2016/07/04 14:11:58, 1467655918967, 40.60009819, -102.35283861, 1136.199951171875, 0.0, 0.0, 3.0
2016/07/04 14:11:59, 1467655919978, 40.60009819, -102.35283861, 1136.199951171875, 0.0, 0.0, 3.0
2016/07/04 14:12:00, 1467655920991, 40.60009819, -102.35283861, 1136.199951171875, 0.0, 0.0, 3.0
2016/07/04 14:12:02, 1467655922000, 40.60009819, -102.35283861, 1136.199951171875, 0.0, 0.0, 3.0
2016/07/04 14:12:02, 1467655922969, 40.60009819, -102.35283861, 1136.199951171875, 0.0, 0.0, 3.0
2016/07/04 14:12:03, 1467655923967, 40.6000982, -102.35283861, 1136.199951171875, 0.0, 0.0, 3.0
2016/07/04 14:12:04, 1467655924961, 40.6000982, -102.35283862, 1136.199951171875, 0.0, 0.0, 3.0
2016/07/04 14:12:05, 1467655925963, 40.6000982, -102.35283863, 1136.0999755859375, 0.0, 0.0, 3.0
2016/07/04 14:12:06, 1467655926969, 40.60009819, -102.35283863, 1136.0999755859375, 0.0, 0.0, 3.0
2016/07/04 14:12:07, 1467655927968, 40.60009819, -102.35283864, 1136.0999755859375, 0.0, 0.0, 3.0
2016/07/04 14:12:08, 1467655928961, 40.60009819, -102.35283864, 1136.0999755859375, 0.0, 0.0, 3.0
2016/07/04 14:12:09, 1467655929978, 40.60009818, -102.35283865, 1136.0999755859375, 0.0, 0.0, 3.0
2016/07/04 14:12:10, 1467655930968, 40.60009818, -102.35283865, 1136.0999755859375, 0.0, 0.0, 3.0
2016/07/04 14:12:11, 1467655931979, 40.60009818, -102.35283865, 1136.0999755859375, 0.0, 0.0, 3.0
2016/07/04 14:12:12, 1467655932974, 40.60009818, -102.35283866, 1136.0999755859375, 0.0, 0.0, 3.0
2016/07/04 14:12:13, 1467655933970, 40.60009817, -102.35283866, 1136.0999755859375, 0.0, 0.0, 3.0
2016/07/04 14:12:15, 1467655935000, 40.60009817, -102.35283866, 1136.0999755859375, 0.0, 0.0, 3.0
2016/07/04 14:12:15, 1467655935962, 40.60009817, -102.35283866, 1136.0999755859375, 0.0, 0.0, 3.0
2016/07/04 14:12:16, 1467655936984, 40.60009818, -102.35283866, 1136.0999755859375, 0.0, 0.0, 3.0
2016/07/04 14:12:18, 1467655938003, 40.60009818, -102.35283866, 1136.0999755859375, 0.0, 0.0, 3.0
2016/07/04 14:12:19, 1467655939012, 40.60009819, -102.35283866, 1136.0999755859375, 0.0, 0.0, 3.0
2016/07/04 14:12:19, 1467655939968, 40.60009819, -102.35283867, 1136.0999755859375, 0.0, 0.0, 3.0
2016/07/04 14:12:20, 1467655940977, 40.60009819, -102.35283867, 1136.0999755859375, 0.0, 0.0, 3.0
2016/07/04 14:12:21, 1467655941965, 40.60009818, -102.35283867, 1136.0999755859375, 0.0, 0.0, 3.0
2016/07/04 14:12:22, 1467655942981, 40.60009817, -102.35283867, 1136.0999755859375, 0.0, 0.0, 3.0
2016/07/04 14:12:23, 1467655943993, 40.60009816, -102.35283868, 1136.0999755859375, 0.0, 0.0, 3.0
2016/07/04 14:12:24, 1467655944980, 40.60009816, -102.35283869, 1136.0999755859375, 0.0, 0.0, 3.0
2016/07/04 14:12:25, 1467655945986, 40.60009815, -102.35283869, 1136.0999755859375, 0.0, 0.0, 3.0
2016/07/04 14:12:26, 1467655946961, 40.60009814, -102.35283869, 1136.0999755859375, 0.0, 0.0, 3.0
2016/07/04 14:12:27, 1467655947960, 40.60009814, -102.35283869, 1136.0999755859375, 0.0, 0.0, 3.0
2016/07/04 14:12:29, 1467655949034, 40.60009814, -102.35283868, 1136.0999755859375, 0.0, 0.0, 3.0
2016/07/04 14:12:29, 1467655949964, 40.60009814, -102.35283868, 1136.0999755859375, 0.0, 0.0, 3.0
2016/07/04 14:12:30, 1467655950962, 40.60009813, -102.35283868, 1136.0999755859375, 0.0, 0.0, 3.0
2016/07/04 14:12:31, 1467655951974, 40.60009813, -102.35283869, 1136.0999755859375, 0.0, 0.0, 3.0
2016/07/04 14:12:32, 1467655952973, 40.60009813, -102.35283869, 1136.0999755859375, 0.0, 0.0, 3.0
2016/07/04 14:12:33, 1467655953961, 40.60009813, -102.3528387, 1136.0999755859375, 0.0, 0.0, 3.0
2016/07/04 14:12:34, 1467655954971, 40.60009813, -102.3528387, 1136.0999755859375, 0.0, 0.0, 3.0
2016/07/04 14:12:35, 1467655955970, 40.60009813, -102.3528387, 1136.0999755859375, 0.0, 0.0, 3.0
2016/07/04 14:12:37, 1467655957007, 40.60009814, -102.3528387, 1136.0999755859375, 0.0, 0.0, 3.0
2016/07/04 14:12:37, 1467655957969, 40.60009814, -102.35283871, 1136.0999755859375, 0.0, 0.0, 3.0
2016/07/04 14:12:38, 1467655958997, 40.60009814, -102.35283871, 1136.0999755859375, 0.0, 0.0, 3.0
2016/07/04 14:12:39, 1467655959999, 40.60009815, -102.35283872, 1136.0999755859375, 0.0, 0.0, 3.0
2016/07/04 14:12:40, 1467655960974, 40.60009815, -102.35283872, 1136.0999755859375, 0.0, 0.0, 3.0
2016/07/04 14:12:41, 1467655961960, 40.60009816, -102.35283872, 1136.0999755859375, 0.0, 0.0, 3.0
2016/07/04 14:12:42, 1467655962970, 40.60009816, -102.35283873, 1136.0999755859375, 0.0, 0.0, 3.0
2016/07/04 14:12:43, 1467655963980, 40.60009816, -102.35283873, 1136.0999755859375, 0.0, 0.0, 3.0
2016/07/04 14:12:44, 1467655964961, 40.60009816, -102.35283874, 1136.0999755859375, 0.0, 0.0, 3.0
2016/07/04 14:12:45, 1467655965975, 40.60009816, -102.35283875, 1136.0999755859375, 0.0, 0.0, 3.0
2016/07/04 14:12:46, 1467655966964, 40.60009816, -102.35283876, 1136.0999755859375, 0.0, 0.0, 3.0
2016/07/04 14:12:47, 1467655967984, 40.60009816, -102.35283877, 1136.0999755859375, 0.0, 0.0, 3.0
2016/07/04 14:12:48, 1467655968971, 40.60009817, -102.35283877, 1136.0999755859375, 0.0, 0.0, 3.0
2016/07/04 14:12:49, 1467655969986, 40.60009817, -102.35283878, 1136.0999755859375, 0.0, 0.0, 3.0
2016/07/04 14:12:50, 1467655970999, 40.60009816, -102.35283879, 1136.0999755859375, 0.0, 0.0, 3.0
2016/07/04 14:12:51, 1467655971992, 40.60009816, -102.35283879, 1136.0999755859375, 0.0, 0.0, 3.0
2016/07/04 14:12:52, 1467655972973, 40.60009816, -102.35283879, 1136.0999755859375, 0.0, 0.0, 3.0
2016/07/04 14:12:53, 1467655973973, 40.60009815, -102.3528388, 1136.0999755859375, 0.0, 0.0, 3.0
2016/07/04 14:12:54, 1467655974969, 40.60009815, -102.35283881, 1136.0999755859375, 0.0, 0.0, 3.0
2016/07/04 14:12:56, 1467655976008, 40.60009815, -102.35283882, 1136.0999755859375, 0.0, 0.0, 3.0
2016/07/04 14:12:56, 1467655976978, 40.60009815, -102.35283883, 1136.0999755859375, 0.0, 0.0, 3.0
2016/07/04 14:12:57, 1467655977984, 40.60009815, -102.35283883, 1136.0999755859375, 0.0, 0.0, 3.0
2016/07/04 14:12:58, 1467655978964, 40.60009815, -102.35283884, 1136.0999755859375, 0.0, 0.0, 3.0
2016/07/04 14:12:59, 1467655979993, 40.60009815, -102.35283885, 1136.0999755859375, 0.0, 0.0, 3.0
2016/07/04 14:13:00, 1467655980989, 40.60009815, -102.35283886, 1136.0999755859375, 0.0, 0.0, 3.0
2016/07/04 14:13:02, 1467655982003, 40.60009815, -102.35283887, 1136.0999755859375, 0.0, 0.0, 3.0
2016/07/04 14:13:02, 1467655982997, 40.60009815, -102.35283888, 1136.0999755859375, 0.0, 0.0, 3.0
2016/07/04 14:13:03, 1467655983963, 40.60009815, -102.35283888, 1136.0999755859375, 0.0, 0.0, 3.0
2016/07/04 14:13:05, 1467655985006, 40.60009815, -102.35283889, 1136.0999755859375, 0.0, 0.0, 3.0
2016/07/04 14:13:05, 1467655985964, 40.60009815, -102.3528389, 1136.0999755859375, 0.0, 0.0, 3.0
2016/07/04 14:13:06, 1467655986981, 40.60009815, -102.3528389, 1136.0999755859375, 0.0, 0.0, 3.0
2016/07/04 14:13:07, 1467655987970, 40.60009815, -102.35283891, 1136.0999755859375, 0.0, 0.0, 3.0
2016/07/04 14:13:08, 1467655988968, 40.60009815, -102.35283892, 1136.0999755859375, 0.0, 0.0, 3.0
2016/07/04 14:13:09, 1467655989963, 40.60009815, -102.35283892, 1136.0999755859375, 0.0, 0.0, 3.0
2016/07/04 14:13:10, 1467655990967, 40.60009816, -102.35283893, 1136.0999755859375, 0.0, 0.0, 3.0
2016/07/04 14:13:11, 1467655991962, 40.60009816, -102.35283893, 1136.0999755859375, 0.0, 0.0, 3.0
2016/07/04 14:13:12, 1467655992959, 40.60009816, -102.35283894, 1136.0999755859375, 0.0, 0.0, 3.0
2016/07/04 14:13:13, 1467655993986, 40.60009815, -102.35283894, 1136.0999755859375, 0.0, 0.0, 3.0
2016/07/04 14:13:14, 1467655994999, 40.60009815, -102.35283894, 1136.0999755859375, 0.0, 0.0, 3.0
2016/07/04 14:13:15, 1467655995962, 40.60009815, -102.35283894, 1136.0999755859375, 0.0, 0.0, 3.0
2016/07/04 14:13:16, 1467655996961, 40.60009815, -102.35283894, 1136.0999755859375, 0.0, 0.0, 3.0
2016/07/04 14:13:18, 1467655998003, 40.60009814, -102.35283894, 1136.0999755859375, 0.0, 0.0, 3.0
2016/07/04 14:13:18, 1467655998962, 40.60009814, -102.35283895, 1136.0999755859375, 0.0, 0.0, 3.0
2016/07/04 14:13:19, 1467655999974, 40.60009814, -102.35283895, 1136.0999755859375, 0.0, 0.0, 3.0
2016/07/04 14:13:20, 1467656000990, 40.60009814, -102.35283895, 1136.0999755859375, 0.0, 0.0, 3.0
2016/07/04 14:13:21, 1467656001988, 40.60009814, -102.35283895, 1136.0999755859375, 0.0, 0.0, 3.0
2016/07/04 14:13:22, 1467656002966, 40.60009815, -102.35283895, 1136.0999755859375, 0.0, 0.0, 3.0
2016/07/04 14:13:23, 1467656003995, 40.60009815, -102.35283895, 1136.0999755859375, 0.0, 0.0, 3.0
2016/07/04 14:13:24, 1467656004980, 40.60009815, -102.35283896, 1136.0999755859375, 0.0, 0.0, 3.0
2016/07/04 14:13:26, 1467656006004, 40.60009815, -102.35283896, 1136.0999755859375, 0.0, 0.0, 3.0
2016/07/04 14:13:26, 1467656006961, 40.60009815, -102.35283896, 1136.0999755859375, 0.0, 0.0, 3.0
2016/07/04 14:13:28, 1467656008009, 40.60009816, -102.35283896, 1136.0999755859375, 0.0, 0.0, 3.0
2016/07/04 14:13:28, 1467656008977, 40.60009816, -102.35283896, 1136.0999755859375, 0.0, 0.0, 3.0
2016/07/04 14:13:29, 1467656009960, 40.60009816, -102.35283896, 1136.0999755859375, 0.0, 0.0, 3.0
2016/07/04 14:13:30, 1467656010970, 40.60009816, -102.35283896, 1136.0999755859375, 0.0, 0.0, 3.0
2016/07/04 14:13:31, 1467656011962, 40.60009816, -102.35283897, 1136.0999755859375, 0.0, 0.0, 3.0
2016/07/04 14:13:32, 1467656012977, 40.60009815, -102.35283897, 1136.0999755859375, 0.0, 0.0, 3.0
2016/07/04 14:13:33, 1467656013973, 40.60009815, -102.35283897, 1136.0999755859375, 0.0, 0.0, 3.0
2016/07/04 14:13:34, 1467656014979, 40.60009815, -102.35283897, 1136.0999755859375, 0.0, 0.0, 3.0
2016/07/04 14:13:35, 1467656015977, 40.60009816, -102.35283899, 1136.0999755859375, 0.0, 0.0, 3.0
2016/07/04 14:13:36, 1467656016991, 40.60009816, -102.35283899, 1136.0999755859375, 0.0, 0.0, 3.0
2016/07/04 14:13:37, 1467656017977, 40.60009817, -102.352839, 1136.0999755859375, 0.0, 0.0, 3.0
2016/07/04 14:13:38, 1467656018979, 40.60009817, -102.352839, 1136.0999755859375, 0.0, 0.0, 3.0
2016/07/04 14:13:39, 1467656019995, 40.60009817, -102.35283901, 1136.0999755859375, 0.0, 0.0, 3.0
2016/07/04 14:13:40, 1467656020996, 40.60009817, -102.35283901, 1136.0999755859375, 0.0, 0.0, 3.0
2016/07/04 14:13:41, 1467656021968, 40.60009817, -102.35283901, 1136.0999755859375, 0.0, 0.0, 3.0
2016/07/04 14:13:42, 1467656022971, 40.60009817, -102.35283901, 1136.0999755859375, 0.0, 0.0, 3.0
2016/07/04 14:13:43, 1467656023959, 40.60009817, -102.35283902, 1136.0999755859375, 0.0, 0.0, 3.0
2016/07/04 14:13:44, 1467656024976, 40.60009817, -102.35283902, 1136.0999755859375, 0.0, 0.0, 3.0
2016/07/04 14:13:45, 1467656025960, 40.60009817, -102.35283903, 1136.0999755859375, 0.0, 0.0, 3.0
2016/07/04 14:13:46, 1467656026980, 40.60009817, -102.35283903, 1136.0999755859375, 0.0, 0.0, 3.0
2016/07/04 14:13:47, 1467656027980, 40.60009817, -102.35283903, 1136.0999755859375, 0.0, 0.0, 3.0
2016/07/04 14:13:48, 1467656028971, 40.60009817, -102.35283904, 1136.0999755859375, 0.0, 0.0, 3.0
2016/07/04 14:13:49, 1467656029986, 40.60009817, -102.35283904, 1136.0999755859375, 0.0, 0.0, 3.0
2016/07/04 14:13:50, 1467656030998, 40.60009817, -102.35283904, 1136.0999755859375, 0.0, 0.0, 3.0
2016/07/04 14:13:51, 1467656031961, 40.60009817, -102.35283904, 1136.0999755859375, 0.0, 0.0, 3.0
2016/07/04 14:13:52, 1467656032969, 40.60009817, -102.35283905, 1136.0999755859375, 0.0, 0.0, 3.0
2016/07/04 14:13:53, 1467656033975, 40.60009817, -102.35283905, 1136.0999755859375, 0.0, 0.0, 3.0
2016/07/04 14:13:54, 1467656034967, 40.60009817, -102.35283905, 1136.0999755859375, 0.0, 0.0, 3.0
2016/07/04 14:13:55, 1467656035971, 40.60009818, -102.35283906, 1136.0999755859375, 0.0, 0.0, 3.0
2016/07/04 14:13:56, 1467656036978, 40.60009818, -102.35283906, 1136.0999755859375, 0.0, 0.0, 3.0
2016/07/04 14:13:57, 1467656037967, 40.60009819, -102.35283906, 1136.0999755859375, 0.0, 0.0, 3.0
2016/07/04 14:13:58, 1467656038960, 40.60009819, -102.35283907, 1136.0, 0.0, 0.0, 3.0
2016/07/04 14:13:59, 1467656039961, 40.60009819, -102.35283907, 1136.0, 0.0, 0.0, 3.0
2016/07/04 14:14:00, 1467656040971, 40.6000982, -102.35283907, 1136.0, 0.0, 0.0, 3.0
2016/07/04 14:14:01, 1467656041985, 40.6000982, -102.35283907, 1136.0, 0.0, 0.0, 3.0
2016/07/04 14:14:02, 1467656042964, 40.6000982, -102.35283908, 1136.0, 0.0, 0.0, 3.0
2016/07/04 14:14:03, 1467656043959, 40.60009819, -102.35283908, 1136.0, 0.0, 0.0, 3.0
2016/07/04 14:14:04, 1467656044981, 40.60009819, -102.35283909, 1136.0, 0.0, 0.0, 3.0
2016/07/04 14:14:05, 1467656045968, 40.60009819, -102.35283909, 1136.0, 0.0, 0.0, 3.0
2016/07/04 14:14:06, 1467656046961, 40.60009819, -102.35283909, 1136.0, 0.0, 0.0, 3.0
2016/07/04 14:14:07, 1467656047969, 40.60009819, -102.35283909, 1136.0, 0.0, 0.0, 3.0
2016/07/04 14:14:08, 1467656048975, 40.60009819, -102.3528391, 1136.0, 0.0, 0.0, 3.0
2016/07/04 14:14:09, 1467656049974, 40.60009819, -102.35283911, 1136.0, 0.0, 0.0, 3.0
2016/07/04 14:14:10, 1467656050988, 40.60009819, -102.35283911, 1136.0, 0.0, 0.0, 3.0
2016/07/04 14:14:11, 1467656051969, 40.60009819, -102.35283912, 1136.0, 0.0, 0.0, 3.0
2016/07/04 14:14:12, 1467656052960, 40.60009819, -102.35283912, 1136.0, 0.0, 0.0, 3.0
2016/07/04 14:14:13, 1467656053986, 40.60009819, -102.35283913, 1136.0, 0.0, 0.0, 3.0
2016/07/04 14:14:14, 1467656054998, 40.6000982, -102.35283914, 1136.0, 0.0, 0.0, 3.0
2016/07/04 14:14:15, 1467656055963, 40.60009821, -102.35283914, 1136.0, 0.0, 0.0, 3.0
2016/07/04 14:14:16, 1467656056961, 40.60009821, -102.35283914, 1136.0, 0.0, 0.0, 3.0
2016/07/04 14:14:17, 1467656057961, 40.60009822, -102.35283913, 1136.0, 0.0, 0.0, 3.0
2016/07/04 14:14:18, 1467656058999, 40.60009822, -102.35283913, 1136.0, 0.0, 0.0, 3.0
2016/07/04 14:14:19, 1467656059960, 40.60009822, -102.35283913, 1136.0, 0.0, 0.0, 3.0
2016/07/04 14:14:20, 1467656060990, 40.60009822, -102.35283913, 1136.0, 0.0, 0.0, 3.0
2016/07/04 14:14:21, 1467656061962, 40.60009821, -102.35283913, 1136.0, 0.0, 0.0, 3.0
2016/07/04 14:14:22, 1467656062973, 40.60009822, -102.35283913, 1136.0, 0.0, 0.0, 3.0
2016/07/04 14:14:23, 1467656063963, 40.60009822, -102.35283913, 1136.0, 0.0, 0.0, 3.0
2016/07/04 14:14:24, 1467656064977, 40.60009821, -102.35283913, 1136.0, 0.0, 0.0, 3.0
2016/07/04 14:14:25, 1467656065974, 40.60009821, -102.35283913, 1136.0, 0.0, 0.0, 3.0
2016/07/04 14:14:27, 1467656067005, 40.60009821, -102.35283913, 1136.0, 0.0, 0.0, 3.0
2016/07/04 14:14:28, 1467656068000, 40.60009821, -102.35283913, 1136.0, 0.0, 0.0, 3.0
2016/07/04 14:14:28, 1467656068963, 40.60009821, -102.35283912, 1136.0, 0.0, 0.0, 3.0
2016/07/04 14:14:29, 1467656069964, 40.60009821, -102.35283912, 1136.0, 0.0, 0.0, 3.0
2016/07/04 14:14:30, 1467656070965, 40.60009821, -102.35283913, 1136.0, 0.0, 0.0, 3.0
2016/07/04 14:14:31, 1467656071969, 40.60009821, -102.35283913, 1136.0, 0.0, 0.0, 3.0
2016/07/04 14:14:32, 1467656072976, 40.60009821, -102.35283913, 1136.0, 0.0, 0.0, 3.0
2016/07/04 14:14:33, 1467656073971, 40.60009821, -102.35283913, 1136.0, 0.0, 0.0, 3.0
2016/07/04 14:14:34, 1467656074975, 40.60009821, -102.35283912, 1136.0, 0.0, 0.0, 3.0
2016/07/04 14:14:35, 1467656075965, 40.6000982, -102.35283912, 1136.0, 0.0, 0.0, 3.0
2016/07/04 14:14:36, 1467656076962, 40.6000982, -102.35283912, 1136.0, 0.0, 0.0, 3.0
2016/07/04 14:14:37, 1467656077979, 40.6000982, -102.35283912, 1136.0, 0.0, 0.0, 3.0
2016/07/04 14:14:39, 1467656079014, 40.6000982, -102.35283912, 1136.0, 0.0, 0.0, 3.0
2016/07/04 14:14:39, 1467656079999, 40.6000982, -102.35283912, 1136.0, 0.0, 0.0, 3.0
2016/07/04 14:14:40, 1467656080968, 40.60009821, -102.35283912, 1136.0, 0.0, 0.0, 3.0
2016/07/04 14:14:42, 1467656082032, 40.60009821, -102.35283912, 1136.0, 0.0, 0.0, 3.0
2016/07/04 14:14:42, 1467656082969, 40.60009821, -102.35283912, 1136.0, 0.0, 0.0, 3.0
2016/07/04 14:14:43, 1467656083979, 40.60009822, -102.35283912, 1136.0, 0.0, 0.0, 3.0
2016/07/04 14:14:44, 1467656084962, 40.60009822, -102.35283912, 1136.0, 0.0, 0.0, 3.0
2016/07/04 14:14:45, 1467656085977, 40.60009822, -102.35283912, 1136.0, 0.0, 0.0, 3.0
2016/07/04 14:14:46, 1467656086984, 40.60009822, -102.35283913, 1136.0, 0.0, 0.0, 3.0
2016/07/04 14:14:47, 1467656087998, 40.60009823, -102.35283913, 1136.0, 0.0, 0.0, 3.0
2016/07/04 14:14:48, 1467656088975, 40.60009823, -102.35283913, 1136.0, 0.0, 0.0, 3.0
2016/07/04 14:14:50, 1467656090004, 40.60009822, -102.35283913, 1136.0, 0.0, 0.0, 3.0
2016/07/04 14:14:50, 1467656090965, 40.60009822, -102.35283913, 1136.0, 0.0, 0.0, 3.0
2016/07/04 14:14:51, 1467656091963, 40.60009822, -102.35283914, 1136.0, 0.0, 0.0, 3.0
2016/07/04 14:14:52, 1467656092971, 40.60009822, -102.35283914, 1136.0, 0.0, 0.0, 3.0
2016/07/04 14:14:54, 1467656094031, 40.60009822, -102.35283914, 1136.0, 0.0, 0.0, 3.0
2016/07/04 14:14:54, 1467656094971, 40.60009822, -102.35283914, 1136.0, 0.0, 0.0, 3.0
2016/07/04 14:14:55, 1467656095963, 40.60009823, -102.35283914, 1136.0, 0.0, 0.0, 3.0
2016/07/04 14:14:56, 1467656096994, 40.60009823, -102.35283914, 1136.0, 0.0, 0.0, 3.0
2016/07/04 14:14:57, 1467656097960, 40.60009824, -102.35283914, 1136.0, 0.0, 0.0, 3.0
2016/07/04 14:14:58, 1467656098986, 40.60009824, -102.35283915, 1136.0, 0.0, 0.0, 3.0
2016/07/04 14:15:00, 1467656100058, 40.60009824, -102.35283915, 1136.0, 0.0, 0.0, 3.0
2016/07/04 14:15:00, 1467656100964, 40.60009824, -102.35283915, 1136.0, 0.0, 0.0, 3.0
2016/07/04 14:15:01, 1467656101994, 40.60009825, -102.35283915, 1136.0, 0.0, 0.0, 3.0
2016/07/04 14:15:02, 1467656102987, 40.60009826, -102.35283915, 1136.0, 0.0, 0.0, 3.0
2016/07/04 14:15:03, 1467656103962, 40.60009826, -102.35283915, 1136.0, 0.0, 0.0, 3.0
2016/07/04 14:15:04, 1467656104959, 40.60009827, -102.35283915, 1136.0, 0.0, 0.0, 3.0
2016/07/04 14:15:05, 1467656105965, 40.60009827, -102.35283916, 1136.0, 0.0, 0.0, 3.0
2016/07/04 14:15:06, 1467656106975, 40.60009828, -102.35283916, 1136.0, 0.0, 0.0, 3.0
2016/07/04 14:15:07, 1467656107962, 40.60009829, -102.35283917, 1136.0, 0.0, 0.0, 3.0
2016/07/04 14:15:08, 1467656108975, 40.60009829, -102.35283917, 1136.0, 0.0, 0.0, 3.0
2016/07/04 14:15:09, 1467656109979, 40.60009829, -102.35283918, 1136.0, 0.0, 0.0, 3.0
2016/07/04 14:15:10, 1467656110989, 40.6000983, -102.35283918, 1136.0, 0.0, 0.0, 3.0
2016/07/04 14:15:11, 1467656111965, 40.6000983, -102.35283919, 1136.0, 0.0, 0.0, 3.0
2016/07/04 14:15:13, 1467656113029, 40.60009831, -102.3528392, 1136.0, 0.0, 0.0, 3.0
2016/07/04 14:15:13, 1467656113993, 40.60009832, -102.3528392, 1136.0, 0.0, 0.0, 3.0
2016/07/04 14:15:15, 1467656115001, 40.60009833, -102.3528392, 1136.0, 0.0, 0.0, 3.0
2016/07/04 14:15:15, 1467656115963, 40.60009833, -102.35283921, 1136.0, 0.0, 0.0, 3.0
2016/07/04 14:15:16, 1467656116962, 40.60009834, -102.35283921, 1136.0, 0.0, 0.0, 3.0
2016/07/04 14:15:17, 1467656117959, 40.60009834, -102.35283921, 1136.0, 0.0, 0.0, 3.0
2016/07/04 14:15:18, 1467656118975, 40.60009834, -102.35283921, 1136.0, 0.0, 0.0, 3.0
2016/07/04 14:15:19, 1467656119985, 40.60009834, -102.35283922, 1136.0, 0.0, 0.0, 3.0
2016/07/04 14:15:20, 1467656120963, 40.60009835, -102.35283922, 1136.0, 0.0, 0.0, 3.0
2016/07/04 14:15:21, 1467656121960, 40.60009835, -102.35283922, 1136.0, 0.0, 0.0, 3.0
2016/07/04 14:15:22, 1467656122976, 40.60009836, -102.35283922, 1136.0, 0.0, 0.0, 3.0
2016/07/04 14:15:23, 1467656123966, 40.60009837, -102.35283922, 1136.0, 0.0, 0.0, 3.0
2016/07/04 14:15:24, 1467656124995, 40.60009837, -102.35283922, 1136.0, 0.0, 0.0, 3.0
2016/07/04 14:15:25, 1467656125994, 40.60009837, -102.35283922, 1136.0, 0.0, 0.0, 3.0
2016/07/04 14:15:26, 1467656126961, 40.60009838, -102.35283922, 1136.0, 0.0, 0.0, 3.0
2016/07/04 14:15:27, 1467656127964, 40.60009838, -102.35283922, 1136.0, 0.0, 0.0, 3.0
2016/07/04 14:15:28, 1467656128998, 40.60009838, -102.35283922, 1136.0, 0.0, 0.0, 3.0
2016/07/04 14:15:29, 1467656129960, 40.60009839, -102.35283923, 1136.0, 0.0, 0.0, 3.0
2016/07/04 14:15:30, 1467656130966, 40.60009839, -102.35283923, 1136.0, 0.0, 0.0, 3.0
2016/07/04 14:15:31, 1467656131961, 40.6000984, -102.35283924, 1136.0, 0.0, 0.0, 3.0
2016/07/04 14:15:32, 1467656132960, 40.6000984, -102.35283924, 1136.0, 0.0, 0.0, 3.0
2016/07/04 14:15:33, 1467656133960, 40.6000984, -102.35283924, 1136.0, 0.0, 0.0, 3.0
2016/07/04 14:15:34, 1467656134973, 40.60009841, -102.35283924, 1136.0, 0.0, 0.0, 3.0
2016/07/04 14:15:35, 1467656135994, 40.60009841, -102.35283924, 1136.0, 0.0, 0.0, 3.0
2016/07/04 14:15:36, 1467656136970, 40.60009842, -102.35283924, 1136.0, 0.0, 0.0, 3.0
2016/07/04 14:15:37, 1467656137978, 40.60009843, -102.35283925, 1136.0, 0.0, 0.0, 3.0
2016/07/04 14:15:39, 1467656139006, 40.60009843, -102.35283925, 1136.0, 0.0, 0.0, 3.0
2016/07/04 14:15:39, 1467656139990, 40.60009844, -102.35283926, 1136.0, 0.0, 0.0, 3.0
2016/07/04 14:15:40, 1467656140966, 40.60009845, -102.35283926, 1136.0, 0.0, 0.0, 3.0
2016/07/04 14:15:41, 1467656141985, 40.60009846, -102.35283926, 1136.0, 0.0, 0.0, 3.0
2016/07/04 14:15:42, 1467656142989, 40.60009846, -102.35283926, 1136.0, 0.0, 0.0, 3.0
2016/07/04 14:15:43, 1467656143970, 40.60009846, -102.35283926, 1136.0, 0.0, 0.0, 3.0
2016/07/04 14:15:44, 1467656144959, 40.60009847, -102.35283926, 1136.0, 0.0, 0.0, 3.0
2016/07/04 14:15:45, 1467656145996, 40.60009847, -102.35283926, 1136.0, 0.0, 0.0, 3.0
2016/07/04 14:15:47, 1467656147009, 40.60009848, -102.35283926, 1136.0, 0.0, 0.0, 3.0
2016/07/04 14:15:47, 1467656147973, 40.60009849, -102.35283926, 1136.0, 0.0, 0.0, 3.0
2016/07/04 14:15:49, 1467656149031, 40.60009849, -102.35283926, 1136.0, 0.0, 0.0, 3.0
2016/07/04 14:15:49, 1467656149989, 40.6000985, -102.35283926, 1136.0, 0.0, 0.0, 3.0
2016/07/04 14:15:50, 1467656150976, 40.60009851, -102.35283926, 1136.0, 0.0, 0.0, 3.0
2016/07/04 14:15:51, 1467656151993, 40.60009852, -102.35283926, 1136.0, 0.0, 0.0, 3.0
2016/07/04 14:15:52, 1467656152987, 40.60009853, -102.35283925, 1136.0, 0.0, 0.0, 3.0
2016/07/04 14:15:54, 1467656154000, 40.60009854, -102.35283925, 1136.0, 0.0, 0.0, 3.0
2016/07/04 14:15:54, 1467656154968, 40.60009855, -102.35283925, 1136.0, 0.0, 0.0, 3.0
2016/07/04 14:15:56, 1467656156006, 40.60009815, -102.35283498, 1135.5, 0.5, 0.0, 3.0
2016/07/04 14:15:56, 1467656156969, 40.60009804, -102.35282868, 1134.9000244140625, 0.5, 0.0, 4.0
2016/07/04 14:15:57, 1467656157963, 40.60009778, -102.35282511, 1135.0999755859375, 0.25, 0.0, 4.0
2016/07/04 14:15:59, 1467656159012, 40.60009817, -102.35282924, 1135.5, 0.0, 0.0, 3.0
2016/07/04 14:15:59, 1467656159961, 40.60009814, -102.35283145, 1135.5999755859375, 0.0, 0.0, 3.0
2016/07/04 14:16:00, 1467656160960, 40.60009806, -102.35283218, 1135.5, 0.0, 0.0, 3.0
2016/07/04 14:16:01, 1467656161960, 40.60009801, -102.35283222, 1135.300048828125, 0.0, 0.0, 3.0
2016/07/04 14:16:02, 1467656162960, 40.60009828, -102.3528325, 1135.300048828125, 0.0, 0.0, 3.0
2016/07/04 14:16:03, 1467656163992, 40.60009862, -102.35283269, 1135.300048828125, 0.0, 0.0, 3.0
2016/07/04 14:16:04, 1467656164959, 40.60009871, -102.35283271, 1135.199951171875, 0.0, 0.0, 3.0
2016/07/04 14:16:05, 1467656165978, 40.6000987, -102.35283261, 1135.0999755859375, 0.0, 0.0, 3.0
2016/07/04 14:16:06, 1467656166973, 40.60009905, -102.35283409, 1135.199951171875, 0.0, 0.0, 3.0
2016/07/04 14:16:07, 1467656167961, 40.6000991, -102.35283611, 1135.199951171875, 0.0, 0.0, 3.0
2016/07/04 14:16:08, 1467656168959, 40.60009882, -102.35283701, 1135.0999755859375, 0.0, 0.0, 3.0
2016/07/04 14:16:09, 1467656169962, 40.60009854, -102.35283732, 1135.0999755859375, 0.0, 0.0, 3.0
2016/07/04 14:16:10, 1467656170960, 40.60009839, -102.35283765, 1135.0999755859375, 0.0, 0.0, 3.0
2016/07/04 14:16:11, 1467656171958, 40.60009833, -102.35283784, 1135.0999755859375, 0.0, 0.0, 3.0
2016/07/04 14:16:12, 1467656172977, 40.6000983, -102.35283794, 1135.0999755859375, 0.0, 0.0, 3.0
2016/07/04 14:16:13, 1467656173958, 40.60009828, -102.352838, 1135.0999755859375, 0.0, 0.0, 3.0
2016/07/04 14:16:14, 1467656174981, 40.60009828, -102.35283803, 1135.0999755859375, 0.0, 0.0, 3.0
2016/07/04 14:16:15, 1467656175983, 40.60009827, -102.35283805, 1135.0999755859375, 0.0, 0.0, 3.0
2016/07/04 14:16:16, 1467656176983, 40.60009827, -102.35283805, 1135.0999755859375, 0.0, 0.0, 3.0
2016/07/04 14:16:17, 1467656177977, 40.60009827, -102.35283804, 1135.0999755859375, 0.0, 0.0, 3.0
2016/07/04 14:16:18, 1467656178980, 40.60009828, -102.35283804, 1135.0999755859375, 0.0, 0.0, 3.0
2016/07/04 14:16:19, 1467656179961, 40.60009828, -102.35283805, 1135.0999755859375, 0.0, 0.0, 3.0
2016/07/04 14:16:20, 1467656180960, 40.60009826, -102.3528384, 1135.0999755859375, 0.0, 0.0, 3.0
2016/07/04 14:16:21, 1467656181960, 40.60009823, -102.35283867, 1135.0999755859375, 0.0, 0.0, 3.0
2016/07/04 14:16:22, 1467656182965, 40.60009823, -102.35283873, 1135.0999755859375, 0.0, 0.0, 3.0
2016/07/04 14:16:23, 1467656183960, 40.60009822, -102.35283892, 1135.0999755859375, 0.0, 0.0, 3.0
2016/07/04 14:16:24, 1467656184960, 40.60009821, -102.35283908, 1135.0999755859375, 0.0, 0.0, 3.0
2016/07/04 14:16:25, 1467656185971, 40.6000982, -102.35283917, 1135.0999755859375, 0.0, 0.0, 3.0
2016/07/04 14:16:26, 1467656186969, 40.60009818, -102.35283921, 1135.0999755859375, 0.0, 0.0, 3.0
2016/07/04 14:16:27, 1467656187976, 40.60009818, -102.35283922, 1135.0999755859375, 0.0, 0.0, 3.0
2016/07/04 14:16:28, 1467656188958, 40.60009818, -102.35283923, 1135.0999755859375, 0.0, 0.0, 3.0
2016/07/04 14:16:29, 1467656189970, 40.60009818, -102.35283924, 1135.0999755859375, 0.0, 0.0, 3.0
2016/07/04 14:16:30, 1467656190974, 40.60009817, -102.35283934, 1135.0999755859375, 0.0, 0.0, 3.0
2016/07/04 14:16:32, 1467656192012, 40.60009816, -102.35283944, 1135.0999755859375, 0.0, 0.0, 3.0
2016/07/04 14:16:32, 1467656192974, 40.60009815, -102.3528395, 1135.0999755859375, 0.0, 0.0, 3.0
2016/07/04 14:16:33, 1467656193967, 40.60009815, -102.35283953, 1135.0999755859375, 0.0, 0.0, 3.0
2016/07/04 14:16:35, 1467656195030, 40.60009815, -102.35283957, 1135.0999755859375, 0.0, 0.0, 3.0
2016/07/04 14:16:35, 1467656195961, 40.60009815, -102.3528396, 1135.0999755859375, 0.0, 0.0, 3.0
2016/07/04 14:16:36, 1467656196965, 40.60009815, -102.35283962, 1135.0999755859375, 0.0, 0.0, 3.0
2016/07/04 14:16:37, 1467656197959, 40.60009815, -102.35283964, 1135.0999755859375, 0.0, 0.0, 3.0
2016/07/04 14:16:38, 1467656198973, 40.60009814, -102.35283966, 1135.0999755859375, 0.0, 0.0, 3.0
2016/07/04 14:16:39, 1467656199971, 40.60009814, -102.35283966, 1135.0999755859375, 0.0, 0.0, 3.0
2016/07/04 14:16:40, 1467656200960, 40.60009814, -102.35283967, 1135.0999755859375, 0.0, 0.0, 3.0
2016/07/04 14:16:41, 1467656201957, 40.60009814, -102.35283967, 1135.0999755859375, 0.0, 0.0, 3.0
2016/07/04 14:16:42, 1467656202979, 40.60009814, -102.35283967, 1135.0999755859375, 0.0, 0.0, 3.0
2016/07/04 14:16:43, 1467656203961, 40.60009815, -102.35283966, 1135.0999755859375, 0.0, 0.0, 3.0
2016/07/04 14:16:44, 1467656204988, 40.60009815, -102.35283966, 1135.0999755859375, 0.0, 0.0, 3.0
2016/07/04 14:16:45, 1467656205987, 40.60009815, -102.35283967, 1135.0999755859375, 0.0, 0.0, 3.0
2016/07/04 14:16:46, 1467656206966, 40.60009815, -102.35283968, 1135.0999755859375, 0.0, 0.0, 3.0
2016/07/04 14:16:47, 1467656207969, 40.60009815, -102.35283969, 1135.0999755859375, 0.0, 0.0, 3.0
2016/07/04 14:16:48, 1467656208962, 40.60009815, -102.35283969, 1135.0999755859375, 0.0, 0.0, 3.0
2016/07/04 14:16:49, 1467656209971, 40.60009815, -102.3528397, 1135.0999755859375, 0.0, 0.0, 3.0
2016/07/04 14:16:50, 1467656210969, 40.60009815, -102.3528397, 1135.0999755859375, 0.0, 0.0, 3.0
2016/07/04 14:16:51, 1467656211981, 40.60009816, -102.3528397, 1135.0999755859375, 0.0, 0.0, 3.0
2016/07/04 14:16:52, 1467656212976, 40.60009816, -102.3528397, 1135.0999755859375, 0.0, 0.0, 3.0
2016/07/04 14:16:53, 1467656213987, 40.60009816, -102.35283971, 1135.0999755859375, 0.0, 0.0, 3.0
2016/07/04 14:16:54, 1467656214983, 40.60009816, -102.35283972, 1135.0999755859375, 0.0, 0.0, 3.0
2016/07/04 14:16:55, 1467656215982, 40.60009816, -102.35283974, 1135.0999755859375, 0.0, 0.0, 3.0
2016/07/04 14:16:56, 1467656216989, 40.60009816, -102.35283975, 1135.0999755859375, 0.0, 0.0, 3.0
2016/07/04 14:16:58, 1467656218028, 40.60009817, -102.35283975, 1135.0999755859375, 0.0, 0.0, 3.0
2016/07/04 14:16:58, 1467656218959, 40.60009817, -102.35283976, 1135.0999755859375, 0.0, 0.0, 3.0
2016/07/04 14:16:59, 1467656219966, 40.60009817, -102.35283976, 1135.0999755859375, 0.0, 0.0, 3.0
2016/07/04 14:17:00, 1467656220978, 40.60009818, -102.35283976, 1135.0999755859375, 0.0, 0.0, 3.0
2016/07/04 14:17:01, 1467656221959, 40.60009818, -102.35283977, 1135.0999755859375, 0.0, 0.0, 3.0
2016/07/04 14:17:02, 1467656222962, 40.60009818, -102.35283977, 1135.0999755859375, 0.0, 0.0, 3.0
2016/07/04 14:17:03, 1467656223975, 40.60009817, -102.35283978, 1135.0999755859375, 0.0, 0.0, 3.0
2016/07/04 14:17:04, 1467656224959, 40.60009817, -102.35283978, 1135.0999755859375, 0.0, 0.0, 3.0
2016/07/04 14:17:05, 1467656225966, 40.60009817, -102.35283978, 1135.0999755859375, 0.0, 0.0, 3.0
2016/07/04 14:17:06, 1467656226979, 40.60009817, -102.35283977, 1135.0999755859375, 0.0, 0.0, 3.0
2016/07/04 14:17:07, 1467656227989, 40.60009818, -102.35283977, 1135.0999755859375, 0.0, 0.0, 3.0
2016/07/04 14:17:08, 1467656228958, 40.60009818, -102.35283976, 1135.0999755859375, 0.0, 0.0, 3.0
2016/07/04 14:17:09, 1467656229960, 40.60009818, -102.35283975, 1135.0999755859375, 0.0, 0.0, 3.0
2016/07/04 14:17:10, 1467656230960, 40.60009818, -102.35283976, 1135.0999755859375, 0.0, 0.0, 3.0
2016/07/04 14:17:11, 1467656231957, 40.60009818, -102.35283979, 1135.0999755859375, 0.0, 0.0, 3.0
2016/07/04 14:17:12, 1467656232975, 40.60009819, -102.35283978, 1135.0999755859375, 0.0, 0.0, 3.0
2016/07/04 14:17:13, 1467656233958, 40.60009819, -102.35283979, 1135.0999755859375, 0.0, 0.0, 3.0
2016/07/04 14:17:14, 1467656234962, 40.60009819, -102.3528398, 1135.0999755859375, 0.0, 0.0, 3.0
2016/07/04 14:17:16, 1467656236000, 40.60009819, -102.35283984, 1135.0999755859375, 0.0, 0.0, 3.0
2016/07/04 14:17:16, 1467656236985, 40.6000982, -102.35283985, 1135.0999755859375, 0.0, 0.0, 3.0
2016/07/04 14:17:17, 1467656237964, 40.6000982, -102.35283987, 1135.0999755859375, 0.0, 0.0, 3.0
2016/07/04 14:17:18, 1467656238994, 40.6000982, -102.35283989, 1135.0999755859375, 0.0, 0.0, 3.0
2016/07/04 14:17:19, 1467656239993, 40.6000982, -102.35283991, 1135.0999755859375, 0.0, 0.0, 3.0
2016/07/04 14:17:20, 1467656240972, 40.6000982, -102.35283992, 1135.0999755859375, 0.0, 0.0, 3.0
2016/07/04 14:17:21, 1467656241961, 40.6000982, -102.35283993, 1135.0999755859375, 0.0, 0.0, 3.0
2016/07/04 14:17:22, 1467656242960, 40.60009821, -102.35283993, 1135.0999755859375, 0.0, 0.0, 3.0
2016/07/04 14:17:23, 1467656243976, 40.60009821, -102.35283993, 1135.0999755859375, 0.0, 0.0, 3.0
2016/07/04 14:17:24, 1467656244972, 40.60009821, -102.35283993, 1135.0999755859375, 0.0, 0.0, 3.0
2016/07/04 14:17:25, 1467656245980, 40.60009822, -102.35283993, 1135.0999755859375, 0.0, 0.0, 3.0
2016/07/04 14:17:26, 1467656246974, 40.60009822, -102.35283995, 1135.0999755859375, 0.0, 0.0, 3.0
2016/07/04 14:17:27, 1467656247990, 40.60009822, -102.35283996, 1135.0999755859375, 0.0, 0.0, 3.0
2016/07/04 14:17:28, 1467656248963, 40.60009822, -102.35283999, 1135.0999755859375, 0.0, 0.0, 3.0
2016/07/04 14:17:29, 1467656249966, 40.60009822, -102.35284002, 1135.0999755859375, 0.0, 0.0, 3.0
2016/07/04 14:17:30, 1467656250958, 40.60009822, -102.35284004, 1135.0999755859375, 0.0, 0.0, 3.0
2016/07/04 14:17:31, 1467656251962, 40.60009822, -102.35284009, 1135.0999755859375, 0.0, 0.0, 3.0
2016/07/04 14:17:32, 1467656252970, 40.60009822, -102.35284011, 1135.0999755859375, 0.0, 0.0, 3.0
2016/07/04 14:17:33, 1467656253959, 40.60009823, -102.35284014, 1135.0999755859375, 0.0, 0.0, 3.0
2016/07/04 14:17:35, 1467656255045, 40.60009823, -102.35284017, 1135.0999755859375, 0.0, 0.0, 3.0
2016/07/04 14:17:35, 1467656255985, 40.60009823, -102.35284019, 1135.0999755859375, 0.0, 0.0, 3.0
2016/07/04 14:17:36, 1467656256968, 40.60009824, -102.35284019, 1135.0999755859375, 0.0, 0.0, 3.0
2016/07/04 14:17:37, 1467656257980, 40.60009824, -102.35284018, 1135.0999755859375, 0.0, 0.0, 3.0
2016/07/04 14:17:38, 1467656258995, 40.60009825, -102.35284018, 1135.0999755859375, 0.0, 0.0, 3.0
2016/07/04 14:17:39, 1467656259989, 40.60009826, -102.35284017, 1135.0999755859375, 0.0, 0.0, 3.0
2016/07/04 14:17:40, 1467656260969, 40.60009826, -102.35284017, 1135.0999755859375, 0.0, 0.0, 3.0
2016/07/04 14:17:41, 1467656261964, 40.60009827, -102.35284018, 1135.0999755859375, 0.0, 0.0, 3.0
2016/07/04 14:17:42, 1467656262962, 40.60009829, -102.35284023, 1135.0999755859375, 0.0, 0.0, 3.0
2016/07/04 14:17:43, 1467656263972, 40.60009829, -102.35284023, 1135.0999755859375, 0.0, 0.0, 3.0
2016/07/04 14:17:44, 1467656264967, 40.6000983, -102.35284023, 1135.0999755859375, 0.0, 0.0, 3.0
2016/07/04 14:17:45, 1467656265980, 40.6000983, -102.35284024, 1135.0999755859375, 0.0, 0.0, 3.0
2016/07/04 14:17:46, 1467656266961, 40.6000983, -102.35284026, 1135.0999755859375, 0.0, 0.0, 3.0
2016/07/04 14:17:47, 1467656267960, 40.6000983, -102.3528403, 1135.0999755859375, 0.0, 0.0, 3.0
2016/07/04 14:17:49, 1467656269054, 40.6000983, -102.35284031, 1135.0999755859375, 0.0, 0.0, 3.0
2016/07/04 14:17:49, 1467656269984, 40.60009831, -102.35284033, 1135.0999755859375, 0.0, 0.0, 3.0
2016/07/04 14:17:50, 1467656270990, 40.60009831, -102.35284034, 1135.0999755859375, 0.0, 0.0, 3.0
2016/07/04 14:17:51, 1467656271973, 40.60009831, -102.35284036, 1135.0999755859375, 0.0, 0.0, 3.0
2016/07/04 14:17:52, 1467656272963, 40.60009832, -102.35284039, 1135.0999755859375, 0.0, 0.0, 3.0
2016/07/04 14:17:53, 1467656273957, 40.60009832, -102.35284043, 1135.0999755859375, 0.0, 0.0, 3.0
2016/07/04 14:17:54, 1467656274957, 40.60009833, -102.35284043, 1135.0999755859375, 0.0, 0.0, 3.0
2016/07/04 14:17:55, 1467656275957, 40.60009833, -102.35284042, 1135.0999755859375, 0.0, 0.0, 3.0
2016/07/04 14:17:56, 1467656276964, 40.60009833, -102.35284041, 1135.0999755859375, 0.0, 0.0, 3.0
2016/07/04 14:17:57, 1467656277956, 40.60009834, -102.35284044, 1135.0999755859375, 0.0, 0.0, 3.0
2016/07/04 14:17:58, 1467656278966, 40.60009834, -102.35284047, 1135.0999755859375, 0.0, 0.0, 3.0
2016/07/04 14:17:59, 1467656279958, 40.60009835, -102.35284055, 1135.0999755859375, 0.0, 0.0, 3.0
2016/07/04 14:18:00, 1467656280972, 40.60009835, -102.35284061, 1135.0999755859375, 0.0, 0.0, 3.0
2016/07/04 14:18:01, 1467656281981, 40.60009834, -102.35284068, 1135.0999755859375, 0.0, 0.0, 3.0
2016/07/04 14:18:02, 1467656282974, 40.60009834, -102.35284074, 1135.0999755859375, 0.0, 0.0, 3.0
2016/07/04 14:18:03, 1467656283989, 40.60009834, -102.35284077, 1135.0999755859375, 0.0, 0.0, 3.0
2016/07/04 14:18:04, 1467656284968, 40.60009834, -102.3528408, 1135.0999755859375, 0.0, 0.0, 3.0
2016/07/04 14:18:05, 1467656285964, 40.60009834, -102.35284081, 1135.0999755859375, 0.0, 0.0, 3.0
2016/07/04 14:18:06, 1467656286964, 40.60009834, -102.35284082, 1135.0999755859375, 0.0, 0.0, 3.0
2016/07/04 14:18:07, 1467656287964, 40.60009836, -102.35284084, 1135.0999755859375, 0.0, 0.0, 3.0
2016/07/04 14:18:08, 1467656288977, 40.60009837, -102.35284089, 1135.0999755859375, 0.0, 0.0, 3.0
2016/07/04 14:18:10, 1467656290004, 40.60009838, -102.35284093, 1135.0999755859375, 0.0, 0.0, 3.0
2016/07/04 14:18:10, 1467656290976, 40.6000984, -102.35284095, 1135.0999755859375, 0.0, 0.0, 3.0
2016/07/04 14:18:11, 1467656291993, 40.60009841, -102.35284101, 1135.0999755859375, 0.0, 0.0, 3.0
2016/07/04 14:18:12, 1467656292967, 40.60009842, -102.35284102, 1135.0999755859375, 0.0, 0.0, 3.0
2016/07/04 14:18:13, 1467656293963, 40.60009843, -102.35284103, 1135.0999755859375, 0.0, 0.0, 3.0
2016/07/04 14:18:14, 1467656294955, 40.60009843, -102.35284106, 1135.0999755859375, 0.0, 0.0, 3.0
2016/07/04 14:18:15, 1467656295993, 40.60009844, -102.35284106, 1135.0999755859375, 0.0, 0.0, 3.0
2016/07/04 14:18:16, 1467656296964, 40.60009845, -102.35284105, 1135.0999755859375, 0.0, 0.0, 3.0
2016/07/04 14:18:17, 1467656297966, 40.60009847, -102.35284106, 1135.0999755859375, 0.0, 0.0, 3.0
2016/07/04 14:18:18, 1467656298957, 40.60009848, -102.35284108, 1135.0999755859375, 0.0, 0.0, 3.0
2016/07/04 14:18:19, 1467656299974, 40.60009849, -102.35284111, 1135.0999755859375, 0.0, 0.0, 3.0
2016/07/04 14:18:20, 1467656300986, 40.6000985, -102.35284114, 1135.0999755859375, 0.0, 0.0, 3.0
2016/07/04 14:18:21, 1467656301981, 40.6000985, -102.35284116, 1135.0999755859375, 0.0, 0.0, 3.0
2016/07/04 14:18:22, 1467656302996, 40.60009851, -102.35284119, 1135.0999755859375, 0.0, 0.0, 3.0
2016/07/04 14:18:23, 1467656303981, 40.60009852, -102.35284121, 1135.0999755859375, 0.0, 0.0, 3.0
2016/07/04 14:18:24, 1467656304989, 40.60009853, -102.35284121, 1135.0999755859375, 0.0, 0.0, 3.0
2016/07/04 14:18:26, 1467656306012, 40.60009854, -102.35284121, 1135.0999755859375, 0.0, 0.0, 3.0
2016/07/04 14:18:26, 1467656306996, 40.60009856, -102.35284121, 1135.0999755859375, 0.0, 0.0, 3.0
2016/07/04 14:18:27, 1467656307974, 40.60009857, -102.35284122, 1135.0999755859375, 0.0, 0.0, 3.0
2016/07/04 14:18:28, 1467656308989, 40.60009857, -102.35284123, 1135.0999755859375, 0.0, 0.0, 3.0
2016/07/04 14:18:29, 1467656309963, 40.60009857, -102.35284125, 1135.0999755859375, 0.0, 0.0, 3.0
2016/07/04 14:18:30, 1467656310957, 40.60009857, -102.35284127, 1135.0999755859375, 0.0, 0.0, 4.0
2016/07/04 14:18:31, 1467656311976, 40.60009857, -102.35284129, 1135.0999755859375, 0.0, 0.0, 3.0
2016/07/04 14:18:32, 1467656312986, 40.60009857, -102.3528413, 1135.0999755859375, 0.0, 0.0, 3.0
2016/07/04 14:18:34, 1467656314048, 40.60009857, -102.3528413, 1135.0999755859375, 0.0, 0.0, 3.0
2016/07/04 14:18:34, 1467656314965, 40.60009857, -102.35284132, 1135.0999755859375, 0.0, 0.0, 3.0
2016/07/04 14:18:36, 1467656316029, 40.60009857, -102.35284134, 1135.0999755859375, 0.0, 0.0, 3.0
2016/07/04 14:18:36, 1467656316975, 40.60009857, -102.35284136, 1135.0999755859375, 0.0, 0.0, 3.0
2016/07/04 14:18:37, 1467656317964, 40.60009857, -102.35284137, 1135.0999755859375, 0.0, 0.0, 3.0
2016/07/04 14:18:38, 1467656318996, 40.60009857, -102.35284138, 1135.0999755859375, 0.0, 0.0, 3.0
2016/07/04 14:18:39, 1467656319958, 40.60009857, -102.35284138, 1135.0999755859375, 0.0, 0.0, 4.0
2016/07/04 14:18:41, 1467656321015, 40.60009857, -102.35284138, 1135.0999755859375, 0.0, 0.0, 3.0
2016/07/04 14:18:41, 1467656321984, 40.60009857, -102.35284139, 1135.0999755859375, 0.0, 0.0, 3.0
2016/07/04 14:18:42, 1467656322963, 40.60009858, -102.3528414, 1135.0999755859375, 0.0, 0.0, 3.0
2016/07/04 14:18:43, 1467656323993, 40.60009858, -102.35284139, 1135.0999755859375, 0.0, 0.0, 3.0
2016/07/04 14:18:44, 1467656324962, 40.60009858, -102.35284139, 1135.0999755859375, 0.0, 0.0, 3.0
2016/07/04 14:18:45, 1467656325968, 40.60009858, -102.35284138, 1135.0999755859375, 0.0, 0.0, 3.0
2016/07/04 14:18:46, 1467656326963, 40.60009858, -102.35284139, 1135.0999755859375, 0.0, 0.0, 3.0
2016/07/04 14:18:47, 1467656327958, 40.60009857, -102.35284141, 1135.0999755859375, 0.0, 0.0, 3.0
2016/07/04 14:18:48, 1467656328957, 40.60009857, -102.35284143, 1135.0999755859375, 0.0, 0.0, 3.0
2016/07/04 14:18:50, 1467656330028, 40.60009857, -102.35284144, 1135.0999755859375, 0.0, 0.0, 3.0
2016/07/04 14:18:50, 1467656330978, 40.60009858, -102.35284146, 1135.0999755859375, 0.0, 0.0, 3.0
2016/07/04 14:18:51, 1467656331973, 40.60009858, -102.35284146, 1135.0999755859375, 0.0, 0.0, 3.0
2016/07/04 14:18:52, 1467656332987, 40.60009859, -102.35284146, 1135.0999755859375, 0.0, 0.0, 3.0
2016/07/04 14:18:53, 1467656333988, 40.60009859, -102.35284145, 1135.0999755859375, 0.0, 0.0, 3.0
2016/07/04 14:18:54, 1467656334958, 40.60009859, -102.35284147, 1135.0999755859375, 0.0, 0.0, 3.0
2016/07/04 14:18:55, 1467656335957, 40.60009859, -102.3528415, 1135.0999755859375, 0.0, 0.0, 3.0
2016/07/04 14:18:56, 1467656336955, 40.6000986, -102.35284152, 1135.0999755859375, 0.0, 0.0, 3.0
2016/07/04 14:18:57, 1467656337955, 40.60009861, -102.35284154, 1135.0999755859375, 0.0, 0.0, 3.0
2016/07/04 14:18:58, 1467656338957, 40.60009861, -102.35284158, 1135.0999755859375, 0.0, 0.0, 3.0
2016/07/04 14:19:00, 1467656340043, 40.60009861, -102.35284161, 1135.0999755859375, 0.0, 0.0, 3.0
2016/07/04 14:19:00, 1467656340958, 40.60009861, -102.35284166, 1135.0999755859375, 0.0, 0.0, 3.0
2016/07/04 14:19:01, 1467656341984, 40.60009861, -102.35284169, 1135.0999755859375, 0.0, 0.0, 3.0
2016/07/04 14:19:02, 1467656342974, 40.60009861, -102.35284171, 1135.0999755859375, 0.0, 0.0, 3.0
2016/07/04 14:19:03, 1467656343956, 40.60009862, -102.35284171, 1135.0999755859375, 0.0, 0.0, 3.0
2016/07/04 14:19:04, 1467656344964, 40.60009862, -102.3528417, 1135.0999755859375, 0.0, 0.0, 3.0
2016/07/04 14:19:05, 1467656345958, 40.60009862, -102.3528417, 1135.0999755859375, 0.0, 0.0, 3.0
2016/07/04 14:19:06, 1467656346962, 40.60009862, -102.35284171, 1135.0999755859375, 0.0, 0.0, 3.0
2016/07/04 14:19:07, 1467656347966, 40.60009862, -102.35284172, 1135.0999755859375, 0.0, 0.0, 3.0
2016/07/04 14:19:08, 1467656348957, 40.60009862, -102.35284173, 1135.0999755859375, 0.0, 0.0, 3.0
2016/07/04 14:19:09, 1467656349956, 40.60009862, -102.35284173, 1135.0999755859375, 0.0, 0.0, 3.0
2016/07/04 14:19:10, 1467656350966, 40.60009862, -102.35284173, 1135.0999755859375, 0.0, 0.0, 3.0
2016/07/04 14:19:12, 1467656352049, 40.60009862, -102.35284175, 1135.0999755859375, 0.0, 0.0, 3.0
2016/07/04 14:19:13, 1467656353029, 40.60009862, -102.35284175, 1135.0999755859375, 0.0, 0.0, 3.0
2016/07/04 14:19:13, 1467656353961, 40.60009862, -102.35284176, 1135.0999755859375, 0.0, 0.0, 3.0
2016/07/04 14:19:14, 1467656354978, 40.60009862, -102.35284176, 1135.0999755859375, 0.0, 0.0, 3.0
2016/07/04 14:19:15, 1467656355978, 40.60009862, -102.35284177, 1135.0999755859375, 0.0, 0.0, 3.0
2016/07/04 14:19:16, 1467656356957, 40.60009862, -102.35284177, 1135.0999755859375, 0.0, 0.0, 3.0
2016/07/04 14:19:17, 1467656357964, 40.60009862, -102.35284178, 1135.0999755859375, 0.0, 0.0, 3.0
2016/07/04 14:19:18, 1467656358995, 40.60009862, -102.35284178, 1135.0999755859375, 0.0, 0.0, 3.0
2016/07/04 14:19:19, 1467656359971, 40.60009862, -102.35284179, 1135.0999755859375, 0.0, 0.0, 3.0
2016/07/04 14:19:20, 1467656360964, 40.60009862, -102.3528418, 1135.0999755859375, 0.0, 0.0, 3.0
2016/07/04 14:19:21, 1467656361961, 40.60009862, -102.35284181, 1135.0999755859375, 0.0, 0.0, 3.0
2016/07/04 14:19:22, 1467656362960, 40.60009862, -102.35284182, 1135.0999755859375, 0.0, 0.0, 3.0
2016/07/04 14:19:23, 1467656363956, 40.60009861, -102.35284182, 1135.0999755859375, 0.0, 0.0, 3.0
2016/07/04 14:19:24, 1467656364975, 40.60009861, -102.35284182, 1135.0999755859375, 0.0, 0.0, 3.0
2016/07/04 14:19:25, 1467656365983, 40.60009861, -102.35284182, 1135.0999755859375, 0.0, 0.0, 3.0
2016/07/04 14:19:26, 1467656366960, 40.60009861, -102.35284182, 1135.0999755859375, 0.0, 0.0, 3.0
2016/07/04 14:19:27, 1467656367972, 40.60009861, -102.35284184, 1135.0999755859375, 0.0, 0.0, 3.0
2016/07/04 14:19:28, 1467656368977, 40.60009862, -102.35284186, 1135.0999755859375, 0.0, 0.0, 3.0
2016/07/04 14:19:29, 1467656369999, 40.60009861, -102.35284188, 1135.0999755859375, 0.0, 0.0, 3.0
2016/07/04 14:19:30, 1467656370995, 40.60009861, -102.35284189, 1135.0999755859375, 0.0, 0.0, 3.0
2016/07/04 14:19:31, 1467656371957, 40.60009862, -102.35284191, 1135.0999755859375, 0.0, 0.0, 3.0
2016/07/04 14:19:32, 1467656372958, 40.60009862, -102.35284192, 1135.0999755859375, 0.0, 0.0, 3.0
2016/07/04 14:19:33, 1467656373959, 40.60009862, -102.35284192, 1135.0999755859375, 0.0, 0.0, 3.0
2016/07/04 14:19:34, 1467656374957, 40.60009863, -102.35284193, 1135.0999755859375, 0.0, 0.0, 3.0
2016/07/04 14:19:35, 1467656375956, 40.60009863, -102.35284194, 1135.0999755859375, 0.0, 0.0, 3.0
2016/07/04 14:19:37, 1467656377020, 40.60009863, -102.35284194, 1135.0999755859375, 0.0, 0.0, 3.0
2016/07/04 14:19:37, 1467656377960, 40.60009863, -102.35284194, 1135.0999755859375, 0.0, 0.0, 3.0
2016/07/04 14:19:38, 1467656378996, 40.60009863, -102.35284193, 1135.0999755859375, 0.0, 0.0, 3.0
2016/07/04 14:19:39, 1467656379993, 40.60009863, -102.35284194, 1135.0999755859375, 0.0, 0.0, 3.0
2016/07/04 14:19:40, 1467656380997, 40.60009863, -102.35284194, 1135.0999755859375, 0.0, 0.0, 3.0
2016/07/04 14:19:41, 1467656381959, 40.60009863, -102.35284194, 1135.0999755859375, 0.0, 0.0, 3.0
2016/07/04 14:19:42, 1467656382958, 40.60009863, -102.35284194, 1135.0999755859375, 0.0, 0.0, 3.0
2016/07/04 14:19:43, 1467656383954, 40.60009862, -102.35284194, 1135.0999755859375, 0.0, 0.0, 3.0
2016/07/04 14:19:44, 1467656384956, 40.60009862, -102.35284193, 1135.0999755859375, 0.0, 0.0, 3.0
2016/07/04 14:19:45, 1467656385963, 40.60009863, -102.35284194, 1135.0999755859375, 0.0, 0.0, 3.0
2016/07/04 14:19:46, 1467656386962, 40.60009862, -102.35284194, 1135.0999755859375, 0.0, 0.0, 3.0
2016/07/04 14:19:47, 1467656387956, 40.60009863, -102.35284194, 1135.0999755859375, 0.0, 0.0, 3.0
2016/07/04 14:19:48, 1467656388957, 40.60009863, -102.35284194, 1135.0999755859375, 0.0, 0.0, 3.0
2016/07/04 14:19:49, 1467656389971, 40.60009863, -102.35284196, 1135.0999755859375, 0.0, 0.0, 3.0
2016/07/04 14:19:50, 1467656390978, 40.60009863, -102.35284197, 1135.0999755859375, 0.0, 0.0, 3.0
2016/07/04 14:19:51, 1467656391979, 40.60009862, -102.35284199, 1135.0999755859375, 0.0, 0.0, 3.0
2016/07/04 14:19:52, 1467656392966, 40.60009862, -102.35284201, 1135.0999755859375, 0.0, 0.0, 3.0
2016/07/04 14:19:53, 1467656393972, 40.60009862, -102.35284202, 1135.0999755859375, 0.0, 0.0, 3.0
2016/07/04 14:19:54, 1467656394978, 40.60009863, -102.35284202, 1135.0999755859375, 0.0, 0.0, 3.0
2016/07/04 14:19:55, 1467656395959, 40.60009863, -102.35284201, 1135.0999755859375, 0.0, 0.0, 3.0
2016/07/04 14:19:56, 1467656396956, 40.60009864, -102.35284201, 1135.0999755859375, 0.0, 0.0, 3.0
2016/07/04 14:19:57, 1467656397954, 40.60009864, -102.352842, 1135.0999755859375, 0.0, 0.0, 3.0
2016/07/04 14:19:58, 1467656398957, 40.60009864, -102.35284198, 1135.0999755859375, 0.0, 0.0, 3.0
2016/07/04 14:19:59, 1467656399957, 40.60009864, -102.35284198, 1135.0999755859375, 0.0, 0.0, 3.0
2016/07/04 14:20:00, 1467656400976, 40.60009864, -102.35284198, 1135.0999755859375, 0.0, 0.0, 3.0
2016/07/04 14:20:01, 1467656401957, 40.60009864, -102.35284196, 1135.0999755859375, 0.0, 0.0, 3.0
2016/07/04 14:20:03, 1467656403032, 40.60009864, -102.35284196, 1135.0999755859375, 0.0, 0.0, 3.0
2016/07/04 14:20:03, 1467656403992, 40.60009864, -102.35284196, 1135.0999755859375, 0.0, 0.0, 3.0
2016/07/04 14:20:04, 1467656404969, 40.60009864, -102.35284195, 1135.0999755859375, 0.0, 0.0, 3.0
2016/07/04 14:20:05, 1467656405997, 40.60009864, -102.35284195, 1135.0999755859375, 0.0, 0.0, 3.0
2016/07/04 14:20:06, 1467656406976, 40.60009864, -102.35284195, 1135.0999755859375, 0.0, 0.0, 3.0
2016/07/04 14:20:07, 1467656407975, 40.60009864, -102.35284193, 1135.0999755859375, 0.0, 0.0, 3.0
2016/07/04 14:20:08, 1467656408956, 40.60009865, -102.3528419, 1135.0999755859375, 0.0, 0.0, 3.0
2016/07/04 14:20:09, 1467656409958, 40.60009865, -102.35284188, 1135.0999755859375, 0.0, 0.0, 3.0
2016/07/04 14:20:10, 1467656410957, 40.60009865, -102.35284186, 1135.0999755859375, 0.0, 0.0, 3.0
2016/07/04 14:20:11, 1467656411957, 40.60009866, -102.35284184, 1135.0999755859375, 0.0, 0.0, 3.0
2016/07/04 14:20:12, 1467656412956, 40.60009865, -102.35284182, 1135.0999755859375, 0.0, 0.0, 3.0
2016/07/04 14:20:13, 1467656413956, 40.60009865, -102.35284181, 1135.0999755859375, 0.0, 0.0, 3.0
2016/07/04 14:20:14, 1467656414960, 40.60009866, -102.35284181, 1135.0999755859375, 0.0, 0.0, 3.0
% Stopped at 2016/07/04 14:20:15
