% Grain Kart joe cart: gps_2016_07_04_14_16_46.txt
% Time, GPS time, lat, lon, altitude, speed, bearing, accuracy
2016/07/04 14:18:40, 1467656320246, 40.60022754, -102.35291179, 1160.9000244140625, 0.0, 0.0, 72.0
2016/07/04 14:18:41, 1467656321257, 40.6002275, -102.35291173, 1160.9000244140625, 0.0, 0.0, 72.0
2016/07/04 14:18:42, 1467656322280, 40.60022742, -102.35291169, 1160.9000244140625, 0.0, 0.0, 72.0
2016/07/04 14:18:43, 1467656323269, 40.60022747, -102.35291177, 1160.9000244140625, 0.0, 0.0, 70.0
2016/07/04 14:18:44, 1467656324264, 40.60022717, -102.35291148, 1160.699951171875, 0.0, 0.0, 69.0
2016/07/04 14:18:45, 1467656325265, 40.6002268, -102.35291115, 1160.5999755859375, 0.0, 0.0, 67.0
2016/07/04 14:18:46, 1467656326266, 40.60022677, -102.35291111, 1160.5, 0.0, 0.0, 66.0
2016/07/04 14:18:47, 1467656327262, 40.60022647, -102.35291085, 1160.4000244140625, 0.0, 0.0, 65.0
2016/07/04 14:18:48, 1467656328266, 40.60022637, -102.35291079, 1160.4000244140625, 0.0, 0.0, 65.0
2016/07/04 14:18:49, 1467656329267, 40.60022662, -102.35291105, 1160.5, 0.0, 0.0, 64.0
2016/07/04 14:18:50, 1467656330268, 40.60022661, -102.35291109, 1160.5999755859375, 0.0, 0.0, 64.0
2016/07/04 14:18:51, 1467656331268, 40.60022648, -102.352911, 1160.5, 0.0, 0.0, 65.0
2016/07/04 14:18:52, 1467656332264, 40.60022637, -102.35291088, 1160.5, 0.0, 0.0, 65.0
2016/07/04 14:18:53, 1467656333275, 40.60022634, -102.35291083, 1160.5, 0.0, 0.0, 66.0
2016/07/04 14:18:54, 1467656334335, 40.60022649, -102.35291095, 1160.5, 0.0, 0.0, 65.0
2016/07/04 14:18:55, 1467656335261, 40.60022653, -102.35291097, 1160.5, 0.0, 0.0, 65.0
2016/07/04 14:18:56, 1467656336275, 40.60022651, -102.35291094, 1160.5, 0.0, 0.0, 66.0
2016/07/04 14:18:57, 1467656337274, 40.60022627, -102.3529107, 1160.4000244140625, 0.0, 0.0, 65.0
2016/07/04 14:18:58, 1467656338260, 40.60022627, -102.35291069, 1160.300048828125, 0.0, 0.0, 66.0
2016/07/04 14:18:59, 1467656339252, 40.60022628, -102.35291072, 1160.4000244140625, 0.0, 0.0, 67.0
2016/07/04 14:19:00, 1467656340251, 40.60022613, -102.35291058, 1160.300048828125, 0.0, 0.0, 69.0
2016/07/04 14:19:01, 1467656341252, 40.60022619, -102.3529106, 1160.300048828125, 0.0, 0.0, 71.0
2016/07/04 14:19:02, 1467656342271, 40.60022617, -102.35291059, 1160.300048828125, 0.0, 0.0, 74.0
2016/07/04 14:19:03, 1467656343271, 40.60022616, -102.35291057, 1160.300048828125, 0.0, 0.0, 77.0
2016/07/04 14:19:04, 1467656344271, 40.60022614, -102.35291055, 1160.300048828125, 0.0, 0.0, 80.0
2016/07/04 14:19:05, 1467656345329, 40.60022615, -102.35291058, 1160.300048828125, 0.0, 0.0, 82.0
2016/07/04 14:19:06, 1467656346274, 40.60022609, -102.35291054, 1160.300048828125, 0.0, 0.0, 82.0
2016/07/04 14:19:07, 1467656347276, 40.60022598, -102.35291045, 1160.199951171875, 0.0, 0.0, 81.0
2016/07/04 14:19:08, 1467656348337, 40.60022597, -102.35291045, 1160.199951171875, 0.0, 0.0, 82.0
2016/07/04 14:19:09, 1467656349287, 40.60022424, -102.35290881, 1159.5999755859375, 0.0, 0.0, 50.0
2016/07/04 14:19:10, 1467656350309, 40.60022456, -102.35290915, 1159.699951171875, 0.0, 0.0, 49.0
2016/07/04 14:19:11, 1467656351295, 40.60022414, -102.35290882, 1159.5999755859375, 0.0, 0.0, 48.0
2016/07/04 14:19:12, 1467656352265, 40.60022369, -102.35290842, 1159.4000244140625, 0.0, 0.0, 46.0
2016/07/04 14:19:13, 1467656353265, 40.6002245, -102.35290928, 1159.9000244140625, 0.0, 0.0, 46.0
2016/07/04 14:19:14, 1467656354267, 40.60022411, -102.35290894, 1159.699951171875, 0.0, 0.0, 43.0
2016/07/04 14:19:15, 1467656355252, 40.60023183, -102.35291747, 1163.5999755859375, 0.0, 0.0, 36.0
2016/07/04 14:19:16, 1467656356248, 40.60022975, -102.35291526, 1162.5999755859375, 0.0, 0.0, 30.0
2016/07/04 14:19:17, 1467656357250, 40.60023021, -102.35291575, 1162.800048828125, 0.0, 0.0, 27.0
2016/07/04 14:19:18, 1467656358249, 40.6002309, -102.35291648, 1163.0999755859375, 0.0, 0.0, 25.0
2016/07/04 14:19:19, 1467656359254, 40.60023116, -102.35291675, 1163.300048828125, 0.0, 0.0, 23.0
2016/07/04 14:19:20, 1467656360255, 40.60023124, -102.35291699, 1163.300048828125, 0.0, 0.0, 22.0
2016/07/04 14:19:21, 1467656361247, 40.60023188, -102.35291771, 1163.699951171875, 0.0, 0.0, 21.0
2016/07/04 14:19:22, 1467656362260, 40.60023149, -102.35291736, 1163.5, 0.0, 0.0, 20.0
2016/07/04 14:19:23, 1467656363286, 40.6002329, -102.35291892, 1164.300048828125, 0.0, 0.0, 19.0
2016/07/04 14:19:24, 1467656364247, 40.60023485, -102.3529212, 1165.4000244140625, 0.0, 0.0, 17.0
2016/07/04 14:19:25, 1467656365252, 40.60015898, -102.35289059, 1140.300048828125, 1.25, 328.6, 18.0
2016/07/04 14:19:26, 1467656366266, 40.60014647, -102.35288308, 1137.9000244140625, 0.5, 328.6, 17.0
2016/07/04 14:19:27, 1467656367254, 40.60012717, -102.35287511, 1133.199951171875, 0.0, 0.0, 14.0
2016/07/04 14:19:28, 1467656368258, 40.60012114, -102.3528753, 1133.5, 0.0, 0.0, 13.0
2016/07/04 14:19:29, 1467656369256, 40.60010943, -102.35286761, 1131.199951171875, 0.0, 0.0, 12.0
2016/07/04 14:19:30, 1467656370254, 40.6001018, -102.35286472, 1129.4000244140625, 0.0, 0.0, 11.0
2016/07/04 14:19:31, 1467656371256, 40.60010219, -102.35286603, 1128.5, 0.0, 0.0, 10.0
2016/07/04 14:19:32, 1467656372277, 40.60009523, -102.35286452, 1126.4000244140625, 0.0, 0.0, 9.0
2016/07/04 14:19:33, 1467656373290, 40.60009469, -102.35286436, 1125.9000244140625, 0.0, 0.0, 9.0
2016/07/04 14:19:34, 1467656374256, 40.60009627, -102.35286556, 1126.300048828125, 0.0, 0.0, 8.0
2016/07/04 14:19:35, 1467656375286, 40.60009363, -102.3528653, 1125.9000244140625, 0.0, 0.0, 8.0
2016/07/04 14:19:36, 1467656376295, 40.60009242, -102.35286285, 1126.0999755859375, 0.0, 0.0, 7.0
2016/07/04 14:19:37, 1467656377286, 40.60009178, -102.35286287, 1125.699951171875, 0.0, 0.0, 7.0
2016/07/04 14:19:38, 1467656378335, 40.60009069, -102.35286252, 1125.300048828125, 0.0, 0.0, 7.0
2016/07/04 14:19:39, 1467656379322, 40.6000906, -102.35286249, 1125.4000244140625, 0.0, 0.0, 7.0
2016/07/04 14:19:40, 1467656380261, 40.60009051, -102.35286245, 1125.300048828125, 0.0, 0.0, 7.0
2016/07/04 14:19:41, 1467656381260, 40.60009044, -102.35286238, 1125.300048828125, 0.0, 0.0, 7.0
2016/07/04 14:19:42, 1467656382260, 40.60009047, -102.35286239, 1125.300048828125, 0.0, 0.0, 7.0
2016/07/04 14:19:43, 1467656383263, 40.60009046, -102.3528624, 1125.300048828125, 0.0, 0.0, 6.0
2016/07/04 14:19:44, 1467656384262, 40.60009043, -102.35286239, 1125.300048828125, 0.0, 0.0, 6.0
2016/07/04 14:19:45, 1467656385264, 40.60009044, -102.3528624, 1125.300048828125, 0.0, 0.0, 6.0
2016/07/04 14:19:46, 1467656386263, 40.60009041, -102.35286237, 1125.300048828125, 0.0, 0.0, 6.0
2016/07/04 14:19:47, 1467656387268, 40.6000904, -102.35286235, 1125.300048828125, 0.0, 0.0, 6.0
2016/07/04 14:19:48, 1467656388267, 40.60009039, -102.35286235, 1125.300048828125, 0.0, 0.0, 6.0
2016/07/04 14:19:49, 1467656389268, 40.6000904, -102.35286239, 1125.300048828125, 0.0, 0.0, 6.0
2016/07/04 14:19:50, 1467656390270, 40.6000904, -102.3528624, 1125.4000244140625, 0.0, 0.0, 6.0
2016/07/04 14:19:51, 1467656391272, 40.60009372, -102.35286393, 1127.0999755859375, 0.0, 0.0, 5.0
2016/07/04 14:19:52, 1467656392273, 40.60009409, -102.35286411, 1127.300048828125, 0.0, 0.0, 4.0
2016/07/04 14:19:53, 1467656393259, 40.60009494, -102.35286449, 1127.699951171875, 0.0, 0.0, 4.0
2016/07/04 14:19:54, 1467656394271, 40.60009599, -102.35286496, 1128.199951171875, 0.0, 0.0, 4.0
2016/07/04 14:19:55, 1467656395261, 40.60009722, -102.35286555, 1128.9000244140625, 0.0, 0.0, 4.0
2016/07/04 14:19:56, 1467656396315, 40.60009793, -102.35286587, 1129.300048828125, 0.0, 0.0, 4.0
2016/07/04 14:19:57, 1467656397265, 40.60009921, -102.35286629, 1129.800048828125, 0.0, 0.0, 3.0
2016/07/04 14:19:58, 1467656398265, 40.60010067, -102.3528666, 1130.300048828125, 0.0, 0.0, 3.0
2016/07/04 14:19:59, 1467656399265, 40.60010213, -102.35286696, 1130.800048828125, 0.0, 0.0, 3.0
2016/07/04 14:20:00, 1467656400256, 40.60010209, -102.35286694, 1130.800048828125, 0.0, 0.0, 3.0
2016/07/04 14:20:01, 1467656401305, 40.60010385, -102.35286732, 1131.4000244140625, 0.0, 0.0, 3.0
2016/07/04 14:20:02, 1467656402279, 40.60010383, -102.35286728, 1131.4000244140625, 0.0, 0.0, 3.0
2016/07/04 14:20:03, 1467656403283, 40.60010679, -102.35286927, 1132.699951171875, 0.0, 0.0, 3.0
2016/07/04 14:20:04, 1467656404288, 40.60010542, -102.35286794, 1131.9000244140625, 0.0, 0.0, 3.0
2016/07/04 14:20:05, 1467656405273, 40.60010537, -102.35286803, 1131.9000244140625, 0.0, 0.0, 3.0
2016/07/04 14:20:06, 1467656406286, 40.60010612, -102.35286857, 1132.199951171875, 0.0, 0.0, 3.0
2016/07/04 14:20:07, 1467656407300, 40.60010631, -102.35286873, 1132.300048828125, 0.0, 0.0, 3.0
2016/07/04 14:20:08, 1467656408268, 40.60010579, -102.35286834, 1132.0, 0.0, 0.0, 3.0
2016/07/04 14:20:09, 1467656409261, 40.60010584, -102.35286846, 1132.0999755859375, 0.0, 0.0, 3.0
2016/07/04 14:20:10, 1467656410268, 40.60010593, -102.35286857, 1132.0999755859375, 0.0, 0.0, 3.0
2016/07/04 14:20:11, 1467656411258, 40.60010614, -102.35286884, 1132.199951171875, 0.0, 0.0, 3.0
2016/07/04 14:20:12, 1467656412266, 40.60010609, -102.35286872, 1132.300048828125, 0.0, 0.0, 3.0
2016/07/04 14:20:13, 1467656413257, 40.60010631, -102.35286896, 1132.4000244140625, 0.0, 0.0, 3.0
2016/07/04 14:20:14, 1467656414249, 40.60010636, -102.35286903, 1132.4000244140625, 0.0, 0.0, 3.0
2016/07/04 14:20:15, 1467656415248, 40.60010637, -102.3528691, 1132.4000244140625, 0.0, 0.0, 3.0
2016/07/04 14:20:16, 1467656416247, 40.60010648, -102.3528692, 1132.5, 0.0, 0.0, 3.0
2016/07/04 14:20:17, 1467656417263, 40.60010653, -102.35286923, 1132.5, 0.0, 0.0, 3.0
2016/07/04 14:20:18, 1467656418260, 40.60010659, -102.35286928, 1132.5999755859375, 0.0, 0.0, 3.0
2016/07/04 14:20:19, 1467656419276, 40.60010657, -102.35286924, 1132.5, 0.0, 0.0, 3.0
2016/07/04 14:20:20, 1467656420277, 40.60010664, -102.35286925, 1132.5999755859375, 0.0, 0.0, 3.0
2016/07/04 14:20:21, 1467656421272, 40.60010665, -102.35286925, 1132.5999755859375, 0.0, 0.0, 3.0
2016/07/04 14:20:22, 1467656422271, 40.60010662, -102.35286924, 1132.5999755859375, 0.0, 0.0, 3.0
2016/07/04 14:20:23, 1467656423314, 40.60010658, -102.35286919, 1132.5999755859375, 0.0, 0.0, 3.0
2016/07/04 14:20:24, 1467656424273, 40.60010654, -102.35286914, 1132.5, 0.0, 0.0, 3.0
2016/07/04 14:20:25, 1467656425278, 40.60010631, -102.35286884, 1132.5999755859375, 0.0, 0.0, 3.0
2016/07/04 14:20:26, 1467656426257, 40.60010652, -102.35286899, 1132.5999755859375, 0.0, 0.0, 3.0
2016/07/04 14:20:27, 1467656427279, 40.60010683, -102.35286918, 1132.699951171875, 0.0, 0.0, 3.0
2016/07/04 14:20:28, 1467656428269, 40.60010647, -102.35286916, 1132.9000244140625, 0.0, 0.0, 3.0
2016/07/04 14:20:29, 1467656429278, 40.60010482, -102.35286809, 1132.699951171875, 0.0, 0.0, 3.0
2016/07/04 14:20:30, 1467656430272, 40.60010498, -102.35286828, 1132.800048828125, 0.0, 0.0, 3.0
2016/07/04 14:20:31, 1467656431261, 40.60010503, -102.35286863, 1133.0, 0.0, 0.0, 3.0
2016/07/04 14:20:32, 1467656432275, 40.60010467, -102.3528684, 1133.0, 0.0, 0.0, 3.0
2016/07/04 14:20:33, 1467656433323, 40.60010523, -102.35286885, 1133.0999755859375, 0.0, 0.0, 3.0
2016/07/04 14:20:34, 1467656434260, 40.60010506, -102.35286877, 1133.0999755859375, 0.0, 0.0, 3.0
2016/07/04 14:20:35, 1467656435265, 40.60010485, -102.35286867, 1133.0, 0.0, 0.0, 3.0
2016/07/04 14:20:36, 1467656436266, 40.60010474, -102.35286863, 1133.0, 0.0, 0.0, 3.0
2016/07/04 14:20:37, 1467656437262, 40.6001046, -102.35286853, 1133.0, 0.0, 0.0, 3.0
2016/07/04 14:20:38, 1467656438262, 40.60010466, -102.35286857, 1133.0, 0.0, 0.0, 3.0
2016/07/04 14:20:39, 1467656439262, 40.60010469, -102.35286856, 1133.0, 0.0, 0.0, 3.0
2016/07/04 14:20:40, 1467656440261, 40.60010471, -102.35286854, 1133.0, 0.0, 0.0, 3.0
2016/07/04 14:20:41, 1467656441255, 40.60010475, -102.35286855, 1133.0999755859375, 0.0, 0.0, 3.0
2016/07/04 14:20:42, 1467656442265, 40.60010475, -102.35286856, 1133.0999755859375, 0.0, 0.0, 3.0
2016/07/04 14:20:43, 1467656443257, 40.60010481, -102.35286857, 1133.0999755859375, 0.0, 0.0, 3.0
2016/07/04 14:20:44, 1467656444253, 40.60010482, -102.35286858, 1133.199951171875, 0.0, 0.0, 3.0
2016/07/04 14:20:45, 1467656445261, 40.60010486, -102.35286856, 1133.199951171875, 0.0, 0.0, 3.0
2016/07/04 14:20:46, 1467656446257, 40.60010485, -102.35286851, 1133.199951171875, 0.0, 0.0, 3.0
2016/07/04 14:20:47, 1467656447259, 40.60010483, -102.35286849, 1133.199951171875, 0.0, 0.0, 3.0
2016/07/04 14:20:48, 1467656448273, 40.60010483, -102.35286849, 1133.199951171875, 0.0, 0.0, 3.0
2016/07/04 14:20:49, 1467656449262, 40.60010483, -102.35286849, 1133.199951171875, 0.0, 0.0, 3.0
2016/07/04 14:20:50, 1467656450297, 40.60010482, -102.35286845, 1133.199951171875, 0.0, 0.0, 3.0
2016/07/04 14:20:51, 1467656451263, 40.6001048, -102.35286843, 1133.199951171875, 0.0, 0.0, 3.0
2016/07/04 14:20:52, 1467656452280, 40.60010479, -102.35286843, 1133.199951171875, 0.0, 0.0, 3.0
2016/07/04 14:20:53, 1467656453265, 40.60010478, -102.3528684, 1133.300048828125, 0.0, 0.0, 3.0
2016/07/04 14:20:54, 1467656454280, 40.60010477, -102.35286841, 1133.300048828125, 0.0, 0.0, 3.0
2016/07/04 14:20:55, 1467656455328, 40.60010476, -102.35286837, 1133.300048828125, 0.0, 0.0, 3.0
2016/07/04 14:20:56, 1467656456258, 40.60010477, -102.35286836, 1133.300048828125, 0.0, 0.0, 3.0
2016/07/04 14:20:57, 1467656457266, 40.60010477, -102.35286834, 1133.300048828125, 0.0, 0.0, 3.0
2016/07/04 14:20:58, 1467656458267, 40.60010477, -102.35286828, 1133.300048828125, 0.0, 0.0, 3.0
2016/07/04 14:20:59, 1467656459263, 40.60010474, -102.35286825, 1133.300048828125, 0.0, 0.0, 3.0
2016/07/04 14:21:00, 1467656460255, 40.60010476, -102.35286825, 1133.300048828125, 0.0, 0.0, 3.0
2016/07/04 14:21:01, 1467656461249, 40.60010479, -102.35286827, 1133.300048828125, 0.0, 0.0, 3.0
2016/07/04 14:21:02, 1467656462254, 40.60010481, -102.35286828, 1133.300048828125, 0.0, 0.0, 3.0
2016/07/04 14:21:03, 1467656463262, 40.60010481, -102.35286826, 1133.300048828125, 0.0, 0.0, 3.0
2016/07/04 14:21:04, 1467656464265, 40.60009199, -102.35285733, 1135.4000244140625, 0.25, 328.6, 4.0
2016/07/04 14:21:05, 1467656465266, 40.60009177, -102.35285625, 1135.699951171875, 0.0, 0.0, 3.0
2016/07/04 14:21:06, 1467656466267, 40.60009238, -102.35285339, 1135.5999755859375, 0.0, 0.0, 3.0
2016/07/04 14:21:07, 1467656467266, 40.60009262, -102.35285256, 1135.699951171875, 0.0, 0.0, 3.0
2016/07/04 14:21:08, 1467656468287, 40.60009281, -102.35285124, 1135.5, 0.0, 0.0, 3.0
2016/07/04 14:21:09, 1467656469264, 40.60009215, -102.35285081, 1135.4000244140625, 0.0, 0.0, 3.0
2016/07/04 14:21:10, 1467656470256, 40.60009167, -102.3528509, 1135.5, 0.0, 0.0, 3.0
2016/07/04 14:21:11, 1467656471257, 40.60009137, -102.35285139, 1135.5999755859375, 0.0, 0.0, 3.0
2016/07/04 14:21:12, 1467656472261, 40.60009084, -102.3528513, 1135.5999755859375, 0.0, 0.0, 3.0
2016/07/04 14:21:13, 1467656473272, 40.60009031, -102.35285111, 1135.5999755859375, 0.0, 0.0, 3.0
2016/07/04 14:21:14, 1467656474270, 40.60009002, -102.35285082, 1135.5999755859375, 0.0, 0.0, 3.0
2016/07/04 14:21:15, 1467656475285, 40.60008992, -102.3528508, 1135.5999755859375, 0.0, 0.0, 3.0
2016/07/04 14:21:16, 1467656476255, 40.60008994, -102.35285057, 1135.5999755859375, 0.0, 0.0, 3.0
2016/07/04 14:21:17, 1467656477286, 40.60008986, -102.35285048, 1135.5999755859375, 0.0, 0.0, 3.0
2016/07/04 14:21:18, 1467656478261, 40.60008983, -102.35285043, 1135.5999755859375, 0.0, 0.0, 3.0
2016/07/04 14:21:19, 1467656479256, 40.60008983, -102.35285042, 1135.5999755859375, 0.0, 0.0, 3.0
2016/07/04 14:21:20, 1467656480281, 40.60008984, -102.35285042, 1135.5999755859375, 0.0, 0.0, 3.0
2016/07/04 14:21:21, 1467656481285, 40.60008984, -102.35285041, 1135.5999755859375, 0.0, 0.0, 3.0
2016/07/04 14:21:22, 1467656482265, 40.60008984, -102.3528504, 1135.5999755859375, 0.0, 0.0, 3.0
2016/07/04 14:21:23, 1467656483265, 40.60008985, -102.35285039, 1135.5999755859375, 0.0, 0.0, 3.0
2016/07/04 14:21:24, 1467656484298, 40.60008986, -102.35285037, 1135.5999755859375, 0.0, 0.0, 3.0
2016/07/04 14:21:25, 1467656485269, 40.60008986, -102.35285036, 1135.5999755859375, 0.0, 0.0, 3.0
2016/07/04 14:21:26, 1467656486261, 40.60008986, -102.35285035, 1135.5999755859375, 0.0, 0.0, 3.0
2016/07/04 14:21:27, 1467656487266, 40.60008986, -102.35285034, 1135.5999755859375, 0.0, 0.0, 3.0
2016/07/04 14:21:28, 1467656488263, 40.60008985, -102.35285033, 1135.5999755859375, 0.0, 0.0, 3.0
2016/07/04 14:21:29, 1467656489318, 40.60008986, -102.35285033, 1135.5999755859375, 0.0, 0.0, 3.0
2016/07/04 14:21:30, 1467656490255, 40.60008985, -102.35285031, 1135.5999755859375, 0.0, 0.0, 3.0
2016/07/04 14:21:31, 1467656491265, 40.60008986, -102.35285031, 1135.5999755859375, 0.0, 0.0, 3.0
2016/07/04 14:21:32, 1467656492270, 40.60008986, -102.35285031, 1135.5999755859375, 0.0, 0.0, 3.0
2016/07/04 14:21:33, 1467656493269, 40.60008987, -102.35285029, 1135.5999755859375, 0.0, 0.0, 3.0
2016/07/04 14:21:34, 1467656494267, 40.60008987, -102.35285029, 1135.5999755859375, 0.0, 0.0, 3.0
2016/07/04 14:21:35, 1467656495255, 40.60008987, -102.35285028, 1135.5999755859375, 0.0, 0.0, 3.0
2016/07/04 14:21:36, 1467656496272, 40.60008987, -102.35285027, 1135.5999755859375, 0.0, 0.0, 3.0
2016/07/04 14:21:37, 1467656497263, 40.60008988, -102.35285026, 1135.5999755859375, 0.0, 0.0, 3.0
2016/07/04 14:21:38, 1467656498258, 40.60008989, -102.35285026, 1135.5999755859375, 0.0, 0.0, 3.0
2016/07/04 14:21:39, 1467656499290, 40.6000899, -102.35285025, 1135.5999755859375, 0.0, 0.0, 3.0
2016/07/04 14:21:40, 1467656500321, 40.60008989, -102.35285024, 1135.5999755859375, 0.0, 0.0, 3.0
2016/07/04 14:21:41, 1467656501277, 40.60008989, -102.35285024, 1135.5999755859375, 0.0, 0.0, 3.0
2016/07/04 14:21:42, 1467656502319, 40.60008989, -102.35285023, 1135.5999755859375, 0.0, 0.0, 3.0
2016/07/04 14:21:43, 1467656503271, 40.60008989, -102.35285023, 1135.5999755859375, 0.0, 0.0, 3.0
2016/07/04 14:21:44, 1467656504289, 40.60008989, -102.35285022, 1135.5999755859375, 0.0, 0.0, 3.0
2016/07/04 14:21:45, 1467656505254, 40.60008989, -102.35285021, 1135.5999755859375, 0.0, 0.0, 3.0
2016/07/04 14:21:46, 1467656506315, 40.60008989, -102.35285021, 1135.5999755859375, 0.0, 0.0, 3.0
2016/07/04 14:21:47, 1467656507263, 40.60008989, -102.3528502, 1135.5999755859375, 0.0, 0.0, 3.0
2016/07/04 14:21:48, 1467656508257, 40.6000899, -102.35285019, 1135.5999755859375, 0.0, 0.0, 3.0
2016/07/04 14:21:49, 1467656509312, 40.6000899, -102.35285019, 1135.5999755859375, 0.0, 0.0, 3.0
2016/07/04 14:21:50, 1467656510258, 40.6000899, -102.35285018, 1135.5999755859375, 0.0, 0.0, 3.0
2016/07/04 14:21:51, 1467656511303, 40.60008991, -102.35285018, 1135.5999755859375, 0.0, 0.0, 3.0
2016/07/04 14:21:52, 1467656512265, 40.60008991, -102.35285017, 1135.5999755859375, 0.0, 0.0, 3.0
2016/07/04 14:21:53, 1467656513256, 40.6000899, -102.35285017, 1135.5999755859375, 0.0, 0.0, 3.0
2016/07/04 14:21:54, 1467656514262, 40.60008991, -102.35285016, 1135.5999755859375, 0.0, 0.0, 3.0
2016/07/04 14:21:55, 1467656515257, 40.60008991, -102.35285016, 1135.5999755859375, 0.0, 0.0, 3.0
2016/07/04 14:21:56, 1467656516265, 40.60008991, -102.35285016, 1135.5999755859375, 0.0, 0.0, 3.0
2016/07/04 14:21:57, 1467656517264, 40.60008991, -102.35285015, 1135.5999755859375, 0.0, 0.0, 3.0
2016/07/04 14:21:58, 1467656518272, 40.60008991, -102.35285015, 1135.5999755859375, 0.0, 0.0, 3.0
2016/07/04 14:21:59, 1467656519256, 40.60008991, -102.35285014, 1135.5999755859375, 0.0, 0.0, 3.0
2016/07/04 14:22:00, 1467656520266, 40.60008992, -102.35285013, 1135.5999755859375, 0.0, 0.0, 3.0
2016/07/04 14:22:01, 1467656521255, 40.60008992, -102.35285012, 1135.5999755859375, 0.0, 0.0, 3.0
2016/07/04 14:22:02, 1467656522279, 40.60008993, -102.35285011, 1135.5999755859375, 0.0, 0.0, 3.0
2016/07/04 14:22:03, 1467656523260, 40.60008994, -102.3528501, 1135.5999755859375, 0.0, 0.0, 3.0
2016/07/04 14:22:04, 1467656524265, 40.60008994, -102.3528501, 1135.5999755859375, 0.0, 0.0, 3.0
2016/07/04 14:22:05, 1467656525273, 40.60008994, -102.3528501, 1135.5999755859375, 0.0, 0.0, 3.0
2016/07/04 14:22:06, 1467656526280, 40.60008994, -102.35285009, 1135.5999755859375, 0.0, 0.0, 3.0
2016/07/04 14:22:07, 1467656527279, 40.60008995, -102.35285008, 1135.5999755859375, 0.0, 0.0, 3.0
2016/07/04 14:22:08, 1467656528306, 40.60008995, -102.35285007, 1135.5, 0.0, 0.0, 3.0
2016/07/04 14:22:09, 1467656529294, 40.60008997, -102.35285007, 1135.5999755859375, 0.0, 0.0, 3.0
2016/07/04 14:22:10, 1467656530283, 40.60008996, -102.35285006, 1135.5, 0.0, 0.0, 3.0
2016/07/04 14:22:11, 1467656531257, 40.60008996, -102.35285005, 1135.5, 0.0, 0.0, 3.0
2016/07/04 14:22:12, 1467656532265, 40.60008996, -102.35285004, 1135.5, 0.0, 0.0, 3.0
2016/07/04 14:22:13, 1467656533260, 40.60008996, -102.35285003, 1135.5, 0.0, 0.0, 3.0
2016/07/04 14:22:14, 1467656534253, 40.60008997, -102.35285003, 1135.5, 0.0, 0.0, 3.0
2016/07/04 14:22:15, 1467656535258, 40.60008997, -102.35285002, 1135.5, 0.0, 0.0, 3.0
2016/07/04 14:22:16, 1467656536253, 40.60008997, -102.35285002, 1135.5, 0.0, 0.0, 3.0
2016/07/04 14:22:17, 1467656537268, 40.60008998, -102.35285001, 1135.5, 0.0, 0.0, 3.0
2016/07/04 14:22:18, 1467656538265, 40.60008998, -102.35285, 1135.5, 0.0, 0.0, 3.0
2016/07/04 14:22:19, 1467656539330, 40.60008999, -102.35285, 1135.5, 0.0, 0.0, 3.0
2016/07/04 14:22:20, 1467656540276, 40.60009, -102.35285, 1135.5, 0.0, 0.0, 3.0
2016/07/04 14:22:21, 1467656541256, 40.60009001, -102.35285, 1135.5, 0.0, 0.0, 3.0
2016/07/04 14:22:22, 1467656542297, 40.60009001, -102.35285, 1135.5, 0.0, 0.0, 3.0
2016/07/04 14:22:23, 1467656543301, 40.60009002, -102.35285, 1135.5, 0.0, 0.0, 3.0
2016/07/04 14:22:24, 1467656544295, 40.60009003, -102.35285, 1135.5, 0.0, 0.0, 3.0
2016/07/04 14:22:25, 1467656545258, 40.60009004, -102.35284999, 1135.5, 0.0, 0.0, 3.0
2016/07/04 14:22:26, 1467656546267, 40.60009005, -102.35284999, 1135.5, 0.0, 0.0, 3.0
2016/07/04 14:22:27, 1467656547315, 40.60009005, -102.35284999, 1135.5, 0.0, 0.0, 3.0
2016/07/04 14:22:28, 1467656548284, 40.60009007, -102.35284998, 1135.5, 0.0, 0.0, 3.0
2016/07/04 14:22:29, 1467656549273, 40.60009007, -102.35284998, 1135.5, 0.0, 0.0, 3.0
2016/07/04 14:22:30, 1467656550281, 40.60009007, -102.35284998, 1135.5, 0.0, 0.0, 3.0
2016/07/04 14:22:31, 1467656551319, 40.60009009, -102.35284998, 1135.5, 0.0, 0.0, 3.0
2016/07/04 14:22:32, 1467656552270, 40.60009009, -102.35284997, 1135.5, 0.0, 0.0, 3.0
2016/07/04 14:22:33, 1467656553268, 40.6000901, -102.35284997, 1135.5, 0.0, 0.0, 3.0
2016/07/04 14:22:34, 1467656554268, 40.60009011, -102.35284997, 1135.5, 0.0, 0.0, 3.0
2016/07/04 14:22:35, 1467656555262, 40.60009012, -102.35284996, 1135.5, 0.0, 0.0, 3.0
2016/07/04 14:22:36, 1467656556255, 40.60009012, -102.35284996, 1135.5, 0.0, 0.0, 3.0
2016/07/04 14:22:37, 1467656557264, 40.60009013, -102.35284996, 1135.5, 0.0, 0.0, 3.0
2016/07/04 14:22:38, 1467656558264, 40.60009014, -102.35284996, 1135.5, 0.0, 0.0, 3.0
2016/07/04 14:22:39, 1467656559271, 40.60009014, -102.35284995, 1135.5, 0.0, 0.0, 3.0
2016/07/04 14:22:40, 1467656560264, 40.60009015, -102.35284995, 1135.5, 0.0, 0.0, 3.0
2016/07/04 14:22:41, 1467656561266, 40.60009017, -102.35284994, 1135.5, 0.0, 0.0, 3.0
2016/07/04 14:22:42, 1467656562264, 40.60009017, -102.35284994, 1135.5, 0.0, 0.0, 3.0
2016/07/04 14:22:43, 1467656563255, 40.60009018, -102.35284993, 1135.5999755859375, 0.0, 0.0, 3.0
2016/07/04 14:22:44, 1467656564259, 40.60009019, -102.35284993, 1135.5999755859375, 0.0, 0.0, 3.0
2016/07/04 14:22:45, 1467656565254, 40.6000902, -102.35284992, 1135.5999755859375, 0.0, 0.0, 3.0
2016/07/04 14:22:46, 1467656566252, 40.6000902, -102.35284992, 1135.5999755859375, 0.0, 0.0, 3.0
2016/07/04 14:22:47, 1467656567268, 40.60009021, -102.35284992, 1135.5999755859375, 0.0, 0.0, 3.0
2016/07/04 14:22:48, 1467656568288, 40.60009023, -102.35284992, 1135.5999755859375, 0.0, 0.0, 3.0
2016/07/04 14:22:49, 1467656569273, 40.60009024, -102.35284991, 1135.5999755859375, 0.0, 0.0, 3.0
2016/07/04 14:22:50, 1467656570268, 40.60009024, -102.35284991, 1135.5999755859375, 0.0, 0.0, 3.0
2016/07/04 14:22:51, 1467656571265, 40.60009024, -102.3528499, 1135.5999755859375, 0.0, 0.0, 3.0
2016/07/04 14:22:52, 1467656572265, 40.60009025, -102.35284989, 1135.5999755859375, 0.0, 0.0, 3.0
2016/07/04 14:22:53, 1467656573256, 40.60009025, -102.35284988, 1135.5999755859375, 0.0, 0.0, 3.0
2016/07/04 14:22:54, 1467656574285, 40.60009025, -102.35284988, 1135.5999755859375, 0.0, 0.0, 3.0
2016/07/04 14:22:55, 1467656575276, 40.60009026, -102.35284988, 1135.5999755859375, 0.0, 0.0, 3.0
2016/07/04 14:22:56, 1467656576280, 40.60009027, -102.35284987, 1135.5999755859375, 0.0, 0.0, 3.0
2016/07/04 14:22:57, 1467656577300, 40.60009027, -102.35284987, 1135.5999755859375, 0.0, 0.0, 3.0
2016/07/04 14:22:58, 1467656578281, 40.60009028, -102.35284987, 1135.5999755859375, 0.0, 0.0, 3.0
2016/07/04 14:22:59, 1467656579278, 40.60009028, -102.35284986, 1135.5999755859375, 0.0, 0.0, 3.0
2016/07/04 14:23:00, 1467656580271, 40.60009028, -102.35284986, 1135.5999755859375, 0.0, 0.0, 3.0
2016/07/04 14:23:01, 1467656581246, 40.60009028, -102.35284985, 1135.5999755859375, 0.0, 0.0, 3.0
2016/07/04 14:23:02, 1467656582249, 40.60009028, -102.35284985, 1135.5999755859375, 0.0, 0.0, 3.0
2016/07/04 14:23:03, 1467656583262, 40.60009028, -102.35284984, 1135.5999755859375, 0.0, 0.0, 3.0
2016/07/04 14:23:04, 1467656584265, 40.60009028, -102.35284984, 1135.5999755859375, 0.0, 0.0, 3.0
2016/07/04 14:23:05, 1467656585258, 40.60009029, -102.35284984, 1135.5999755859375, 0.0, 0.0, 3.0
2016/07/04 14:23:06, 1467656586261, 40.60009029, -102.35284984, 1135.5999755859375, 0.0, 0.0, 3.0
2016/07/04 14:23:07, 1467656587262, 40.60009029, -102.35284984, 1135.5999755859375, 0.0, 0.0, 3.0
2016/07/04 14:23:08, 1467656588317, 40.60009029, -102.35284984, 1135.5999755859375, 0.0, 0.0, 3.0
2016/07/04 14:23:09, 1467656589255, 40.60009029, -102.35284984, 1135.5999755859375, 0.0, 0.0, 3.0
2016/07/04 14:23:10, 1467656590280, 40.60009029, -102.35284983, 1135.5999755859375, 0.0, 0.0, 3.0
2016/07/04 14:23:11, 1467656591269, 40.60009029, -102.35284983, 1135.5999755859375, 0.0, 0.0, 3.0
2016/07/04 14:23:12, 1467656592263, 40.60009029, -102.35284983, 1135.5999755859375, 0.0, 0.0, 3.0
2016/07/04 14:23:13, 1467656593265, 40.60009029, -102.35284982, 1135.5999755859375, 0.0, 0.0, 3.0
2016/07/04 14:23:14, 1467656594254, 40.60009029, -102.35284982, 1135.5999755859375, 0.0, 0.0, 3.0
2016/07/04 14:23:15, 1467656595260, 40.60009029, -102.35284981, 1135.5999755859375, 0.0, 0.0, 3.0
2016/07/04 14:23:16, 1467656596263, 40.60009029, -102.35284981, 1135.5999755859375, 0.0, 0.0, 3.0
2016/07/04 14:23:17, 1467656597268, 40.60009029, -102.3528498, 1135.5999755859375, 0.0, 0.0, 3.0
2016/07/04 14:23:18, 1467656598254, 40.60009029, -102.3528498, 1135.5999755859375, 0.0, 0.0, 3.0
2016/07/04 14:23:19, 1467656599261, 40.60009028, -102.3528498, 1135.5999755859375, 0.0, 0.0, 3.0
2016/07/04 14:23:20, 1467656600266, 40.60009029, -102.35284979, 1135.5999755859375, 0.0, 0.0, 3.0
2016/07/04 14:23:21, 1467656601255, 40.60009029, -102.35284979, 1135.5999755859375, 0.0, 0.0, 3.0
2016/07/04 14:23:22, 1467656602252, 40.6000903, -102.35284978, 1135.5999755859375, 0.0, 0.0, 3.0
2016/07/04 14:23:23, 1467656603278, 40.6000903, -102.35284978, 1135.5999755859375, 0.0, 0.0, 3.0
2016/07/04 14:23:24, 1467656604284, 40.6000903, -102.35284978, 1135.5999755859375, 0.0, 0.0, 3.0
2016/07/04 14:23:25, 1467656605265, 40.6000903, -102.35284978, 1135.5999755859375, 0.0, 0.0, 3.0
2016/07/04 14:23:26, 1467656606267, 40.60009031, -102.35284977, 1135.5999755859375, 0.0, 0.0, 3.0
2016/07/04 14:23:27, 1467656607272, 40.60009031, -102.35284977, 1135.5999755859375, 0.0, 0.0, 3.0
2016/07/04 14:23:28, 1467656608293, 40.6000903, -102.35284976, 1135.5999755859375, 0.0, 0.0, 3.0
2016/07/04 14:23:29, 1467656609246, 40.6000903, -102.35284975, 1135.5999755859375, 0.0, 0.0, 3.0
2016/07/04 14:23:30, 1467656610312, 40.60009031, -102.35284974, 1135.5999755859375, 0.0, 0.0, 3.0
2016/07/04 14:23:31, 1467656611255, 40.60009031, -102.35284974, 1135.5999755859375, 0.0, 0.0, 3.0
2016/07/04 14:23:32, 1467656612261, 40.60009031, -102.35284973, 1135.5999755859375, 0.0, 0.0, 3.0
2016/07/04 14:23:33, 1467656613266, 40.60009032, -102.35284972, 1135.5999755859375, 0.0, 0.0, 3.0
2016/07/04 14:23:34, 1467656614263, 40.60009032, -102.35284972, 1135.5999755859375, 0.0, 0.0, 3.0
2016/07/04 14:23:35, 1467656615255, 40.60009033, -102.35284971, 1135.5, 0.0, 0.0, 3.0
2016/07/04 14:23:36, 1467656616256, 40.60009032, -102.35284971, 1135.5999755859375, 0.0, 0.0, 3.0
2016/07/04 14:23:37, 1467656617258, 40.60009032, -102.3528497, 1135.5999755859375, 0.0, 0.0, 3.0
2016/07/04 14:23:38, 1467656618261, 40.60009033, -102.35284969, 1135.5, 0.0, 0.0, 3.0
2016/07/04 14:23:39, 1467656619264, 40.60009033, -102.35284969, 1135.5, 0.0, 0.0, 3.0
2016/07/04 14:23:40, 1467656620272, 40.60009034, -102.35284968, 1135.5, 0.0, 0.0, 3.0
2016/07/04 14:23:41, 1467656621255, 40.60009034, -102.35284968, 1135.5, 0.0, 0.0, 3.0
2016/07/04 14:23:42, 1467656622274, 40.60009033, -102.35284967, 1135.5, 0.0, 0.0, 3.0
2016/07/04 14:23:43, 1467656623277, 40.60009033, -102.35284967, 1135.5, 0.0, 0.0, 3.0
2016/07/04 14:23:44, 1467656624264, 40.60009034, -102.35284966, 1135.5, 0.0, 0.0, 3.0
2016/07/04 14:23:45, 1467656625276, 40.60009034, -102.35284966, 1135.5, 0.0, 0.0, 3.0
2016/07/04 14:23:46, 1467656626279, 40.60009034, -102.35284965, 1135.5, 0.0, 0.0, 3.0
2016/07/04 14:23:47, 1467656627281, 40.60009034, -102.35284965, 1135.5, 0.0, 0.0, 3.0
2016/07/04 14:23:48, 1467656628293, 40.60009034, -102.35284965, 1135.5, 0.0, 0.0, 3.0
2016/07/04 14:23:49, 1467656629259, 40.60009034, -102.35284964, 1135.5, 0.0, 0.0, 3.0
2016/07/04 14:23:50, 1467656630279, 40.60009035, -102.35284964, 1135.5, 0.0, 0.0, 3.0
2016/07/04 14:23:51, 1467656631316, 40.60009035, -102.35284964, 1135.5, 0.0, 0.0, 3.0
2016/07/04 14:23:52, 1467656632291, 40.60009034, -102.35284964, 1135.5, 0.0, 0.0, 3.0
2016/07/04 14:23:53, 1467656633257, 40.60009035, -102.35284963, 1135.5, 0.0, 0.0, 3.0
2016/07/04 14:23:54, 1467656634257, 40.60009035, -102.35284963, 1135.5, 0.0, 0.0, 3.0
2016/07/04 14:23:55, 1467656635254, 40.60009035, -102.35284962, 1135.5, 0.0, 0.0, 3.0
2016/07/04 14:23:56, 1467656636263, 40.60009036, -102.35284961, 1135.5, 0.0, 0.0, 3.0
2016/07/04 14:23:57, 1467656637266, 40.60009036, -102.35284961, 1135.5, 0.0, 0.0, 3.0
2016/07/04 14:23:58, 1467656638263, 40.60009036, -102.3528496, 1135.5, 0.0, 0.0, 3.0
2016/07/04 14:23:59, 1467656639257, 40.60009037, -102.3528496, 1135.5, 0.0, 0.0, 3.0
2016/07/04 14:24:00, 1467656640246, 40.60009036, -102.35284959, 1135.5, 0.0, 0.0, 3.0
2016/07/04 14:24:01, 1467656641246, 40.60009037, -102.35284959, 1135.5, 0.0, 0.0, 3.0
2016/07/04 14:24:02, 1467656642274, 40.60009037, -102.35284958, 1135.5, 0.0, 0.0, 3.0
2016/07/04 14:24:03, 1467656643267, 40.60009037, -102.35284957, 1135.5, 0.0, 0.0, 3.0
2016/07/04 14:24:04, 1467656644261, 40.60009038, -102.35284956, 1135.5, 0.0, 0.0, 3.0
2016/07/04 14:24:05, 1467656645287, 40.60009038, -102.35284955, 1135.5, 0.0, 0.0, 3.0
2016/07/04 14:24:06, 1467656646258, 40.60009039, -102.35284955, 1135.5, 0.0, 0.0, 3.0
2016/07/04 14:24:07, 1467656647267, 40.60009039, -102.35284953, 1135.5, 0.0, 0.0, 3.0
2016/07/04 14:24:08, 1467656648253, 40.6000904, -102.35284952, 1135.5, 0.0, 0.0, 3.0
2016/07/04 14:24:09, 1467656649261, 40.6000904, -102.35284952, 1135.5, 0.0, 0.0, 3.0
2016/07/04 14:24:10, 1467656650255, 40.6000904, -102.35284951, 1135.5, 0.0, 0.0, 3.0
2016/07/04 14:24:11, 1467656651260, 40.60009041, -102.3528495, 1135.5, 0.0, 0.0, 3.0
2016/07/04 14:24:12, 1467656652269, 40.60009041, -102.35284949, 1135.5, 0.0, 0.0, 3.0
2016/07/04 14:24:13, 1467656653271, 40.60009041, -102.35284948, 1135.5, 0.0, 0.0, 3.0
2016/07/04 14:24:14, 1467656654319, 40.60009041, -102.35284947, 1135.5, 0.0, 0.0, 3.0
2016/07/04 14:24:15, 1467656655251, 40.60009042, -102.35284946, 1135.5, 0.0, 0.0, 3.0
2016/07/04 14:24:16, 1467656656252, 40.60009042, -102.35284945, 1135.5, 0.0, 0.0, 3.0
2016/07/04 14:24:17, 1467656657252, 40.60009043, -102.35284944, 1135.5, 0.0, 0.0, 3.0
2016/07/04 14:24:18, 1467656658281, 40.60009043, -102.35284943, 1135.5, 0.0, 0.0, 3.0
2016/07/04 14:24:19, 1467656659266, 40.60009043, -102.35284942, 1135.5, 0.0, 0.0, 3.0
2016/07/04 14:24:20, 1467656660290, 40.60009044, -102.3528494, 1135.5, 0.0, 0.0, 3.0
2016/07/04 14:24:21, 1467656661269, 40.60009044, -102.35284939, 1135.5, 0.0, 0.0, 3.0
2016/07/04 14:24:22, 1467656662288, 40.60009044, -102.35284938, 1135.5, 0.0, 0.0, 3.0
2016/07/04 14:24:23, 1467656663309, 40.60009044, -102.35284937, 1135.5, 0.0, 0.0, 3.0
2016/07/04 14:24:24, 1467656664325, 40.60009044, -102.35284936, 1135.5, 0.0, 0.0, 3.0
2016/07/04 14:24:25, 1467656665255, 40.60009044, -102.35284935, 1135.5, 0.0, 0.0, 3.0
2016/07/04 14:24:26, 1467656666262, 40.60009044, -102.35284935, 1135.5, 0.0, 0.0, 3.0
2016/07/04 14:24:27, 1467656667265, 40.60009044, -102.35284934, 1135.5, 0.0, 0.0, 3.0
2016/07/04 14:24:28, 1467656668336, 40.60009044, -102.35284932, 1135.5, 0.0, 0.0, 3.0
2016/07/04 14:24:29, 1467656669259, 40.60009044, -102.35284931, 1135.5, 0.0, 0.0, 3.0
2016/07/04 14:24:30, 1467656670257, 40.60009044, -102.35284931, 1135.5, 0.0, 0.0, 3.0
2016/07/04 14:24:31, 1467656671324, 40.60009044, -102.3528493, 1135.5, 0.0, 0.0, 3.0
2016/07/04 14:24:32, 1467656672252, 40.60009044, -102.35284929, 1135.5, 0.0, 0.0, 3.0
2016/07/04 14:24:33, 1467656673266, 40.60009044, -102.35284928, 1135.5, 0.0, 0.0, 3.0
2016/07/04 14:24:34, 1467656674269, 40.60009044, -102.35284927, 1135.5, 0.0, 0.0, 3.0
2016/07/04 14:24:35, 1467656675255, 40.60009044, -102.35284927, 1135.5, 0.0, 0.0, 3.0
2016/07/04 14:24:36, 1467656676264, 40.60009045, -102.35284926, 1135.5, 0.0, 0.0, 3.0
2016/07/04 14:24:37, 1467656677266, 40.60009044, -102.35284925, 1135.5, 0.0, 0.0, 3.0
2016/07/04 14:24:38, 1467656678254, 40.60009044, -102.35284925, 1135.5, 0.0, 0.0, 3.0
2016/07/04 14:24:39, 1467656679261, 40.60009044, -102.35284924, 1135.5, 0.0, 0.0, 3.0
2016/07/04 14:24:40, 1467656680275, 40.60009044, -102.35284924, 1135.5, 0.0, 0.0, 3.0
2016/07/04 14:24:41, 1467656681281, 40.60009044, -102.35284923, 1135.5, 0.0, 0.0, 3.0
2016/07/04 14:24:42, 1467656682259, 40.60009044, -102.35284922, 1135.5, 0.0, 0.0, 3.0
2016/07/04 14:24:43, 1467656683282, 40.60009044, -102.35284922, 1135.5, 0.0, 0.0, 3.0
2016/07/04 14:24:44, 1467656684250, 40.60009044, -102.35284922, 1135.5, 0.0, 0.0, 3.0
2016/07/04 14:24:45, 1467656685246, 40.60009045, -102.35284921, 1135.5, 0.0, 0.0, 3.0
2016/07/04 14:24:46, 1467656686250, 40.60009045, -102.35284921, 1135.5, 0.0, 0.0, 3.0
2016/07/04 14:24:47, 1467656687259, 40.60009045, -102.3528492, 1135.5, 0.0, 0.0, 3.0
2016/07/04 14:24:48, 1467656688263, 40.60009045, -102.35284919, 1135.5, 0.0, 0.0, 3.0
2016/07/04 14:24:49, 1467656689256, 40.60009045, -102.35284919, 1135.5, 0.0, 0.0, 3.0
2016/07/04 14:24:50, 1467656690255, 40.60009045, -102.35284917, 1135.5, 0.0, 0.0, 3.0
2016/07/04 14:24:51, 1467656691264, 40.60009045, -102.35284917, 1135.5, 0.0, 0.0, 3.0
2016/07/04 14:24:52, 1467656692321, 40.60009046, -102.35284915, 1135.5, 0.0, 0.0, 3.0
2016/07/04 14:24:53, 1467656693318, 40.60009046, -102.35284914, 1135.5, 0.0, 0.0, 3.0
2016/07/04 14:24:54, 1467656694253, 40.60009047, -102.35284913, 1135.5, 0.0, 0.0, 3.0
2016/07/04 14:24:55, 1467656695264, 40.60009047, -102.35284912, 1135.5, 0.0, 0.0, 3.0
2016/07/04 14:24:56, 1467656696251, 40.60009048, -102.3528491, 1135.5, 0.0, 0.0, 3.0
2016/07/04 14:24:57, 1467656697260, 40.60009048, -102.35284909, 1135.5, 0.0, 0.0, 3.0
2016/07/04 14:24:58, 1467656698264, 40.60009048, -102.35284908, 1135.5, 0.0, 0.0, 3.0
2016/07/04 14:24:59, 1467656699258, 40.60009048, -102.35284907, 1135.5, 0.0, 0.0, 3.0
2016/07/04 14:25:00, 1467656700258, 40.60009048, -102.35284906, 1135.5, 0.0, 0.0, 3.0
2016/07/04 14:25:01, 1467656701256, 40.60009049, -102.35284905, 1135.5, 0.0, 0.0, 3.0
2016/07/04 14:25:02, 1467656702267, 40.60009049, -102.35284904, 1135.5, 0.0, 0.0, 3.0
2016/07/04 14:25:03, 1467656703254, 40.6000905, -102.35284903, 1135.5, 0.0, 0.0, 3.0
2016/07/04 14:25:04, 1467656704279, 40.60009051, -102.35284902, 1135.5, 0.0, 0.0, 3.0
2016/07/04 14:25:05, 1467656705277, 40.60009051, -102.35284902, 1135.5, 0.0, 0.0, 3.0
2016/07/04 14:25:06, 1467656706305, 40.60009052, -102.35284901, 1135.5, 0.0, 0.0, 3.0
2016/07/04 14:25:07, 1467656707253, 40.60009052, -102.352849, 1135.5, 0.0, 0.0, 3.0
2016/07/04 14:25:08, 1467656708266, 40.60009052, -102.352849, 1135.5, 0.0, 0.0, 3.0
2016/07/04 14:25:09, 1467656709254, 40.60009053, -102.352849, 1135.5, 0.0, 0.0, 3.0
2016/07/04 14:25:10, 1467656710296, 40.60009053, -102.35284899, 1135.5, 0.0, 0.0, 3.0
2016/07/04 14:25:11, 1467656711262, 40.60009053, -102.35284898, 1135.5, 0.0, 0.0, 3.0
2016/07/04 14:25:12, 1467656712264, 40.60009053, -102.35284898, 1135.5, 0.0, 0.0, 3.0
2016/07/04 14:25:13, 1467656713258, 40.60009054, -102.35284897, 1135.5, 0.0, 0.0, 3.0
2016/07/04 14:25:14, 1467656714323, 40.60009054, -102.35284896, 1135.5, 0.0, 0.0, 3.0
2016/07/04 14:25:15, 1467656715249, 40.60009054, -102.35284896, 1135.5, 0.0, 0.0, 3.0
2016/07/04 14:25:16, 1467656716276, 40.60009054, -102.35284895, 1135.5, 0.0, 0.0, 3.0
2016/07/04 14:25:17, 1467656717260, 40.60009054, -102.35284895, 1135.5, 0.0, 0.0, 3.0
2016/07/04 14:25:18, 1467656718260, 40.60009054, -102.35284894, 1135.5, 0.0, 0.0, 3.0
2016/07/04 14:25:19, 1467656719261, 40.60009055, -102.35284894, 1135.5, 0.0, 0.0, 3.0
2016/07/04 14:25:20, 1467656720254, 40.60009055, -102.35284893, 1135.5, 0.0, 0.0, 3.0
2016/07/04 14:25:21, 1467656721260, 40.60009055, -102.35284892, 1135.5, 0.0, 0.0, 3.0
2016/07/04 14:25:22, 1467656722253, 40.60009055, -102.35284891, 1135.5, 0.0, 0.0, 3.0
2016/07/04 14:25:23, 1467656723253, 40.60009056, -102.3528489, 1135.5, 0.0, 0.0, 3.0
2016/07/04 14:25:24, 1467656724262, 40.60009057, -102.35284889, 1135.5, 0.0, 0.0, 3.0
2016/07/04 14:25:25, 1467656725283, 40.60009057, -102.35284889, 1135.5, 0.0, 0.0, 3.0
2016/07/04 14:25:26, 1467656726268, 40.60009058, -102.35284888, 1135.5, 0.0, 0.0, 3.0
2016/07/04 14:25:27, 1467656727251, 40.60009059, -102.35284887, 1135.5, 0.0, 0.0, 3.0
2016/07/04 14:25:28, 1467656728249, 40.6000906, -102.35284886, 1135.5, 0.0, 0.0, 3.0
2016/07/04 14:25:29, 1467656729273, 40.60009061, -102.35284885, 1135.5, 0.0, 0.0, 3.0
2016/07/04 14:25:30, 1467656730267, 40.60009062, -102.35284883, 1135.5, 0.0, 0.0, 3.0
2016/07/04 14:25:31, 1467656731272, 40.60009062, -102.35284883, 1135.5, 0.0, 0.0, 3.0
2016/07/04 14:25:32, 1467656732283, 40.60009063, -102.35284882, 1135.5, 0.0, 0.0, 3.0
2016/07/04 14:25:33, 1467656733282, 40.60009064, -102.35284881, 1135.5, 0.0, 0.0, 3.0
2016/07/04 14:25:34, 1467656734287, 40.60009064, -102.35284881, 1135.5, 0.0, 0.0, 3.0
2016/07/04 14:25:35, 1467656735323, 40.60009065, -102.3528488, 1135.5, 0.0, 0.0, 3.0
2016/07/04 14:25:36, 1467656736284, 40.60009066, -102.3528488, 1135.5, 0.0, 0.0, 3.0
2016/07/04 14:25:37, 1467656737317, 40.60009067, -102.35284878, 1135.5, 0.0, 0.0, 3.0
2016/07/04 14:25:38, 1467656738341, 40.60009069, -102.35284877, 1135.5, 0.0, 0.0, 3.0
2016/07/04 14:25:39, 1467656739254, 40.6000907, -102.35284877, 1135.5, 0.0, 0.0, 3.0
2016/07/04 14:25:40, 1467656740318, 40.6000907, -102.35284876, 1135.5, 0.0, 0.0, 3.0
2016/07/04 14:25:41, 1467656741262, 40.60009071, -102.35284876, 1135.5, 0.0, 0.0, 3.0
2016/07/04 14:25:42, 1467656742263, 40.60009071, -102.35284875, 1135.5, 0.0, 0.0, 3.0
2016/07/04 14:25:43, 1467656743260, 40.60009072, -102.35284875, 1135.5, 0.0, 0.0, 3.0
2016/07/04 14:25:44, 1467656744256, 40.60009073, -102.35284875, 1135.5, 0.0, 0.0, 3.0
2016/07/04 14:25:45, 1467656745260, 40.60009074, -102.35284874, 1135.5, 0.0, 0.0, 3.0
2016/07/04 14:25:46, 1467656746256, 40.60009075, -102.35284874, 1135.5, 0.0, 0.0, 3.0
2016/07/04 14:25:47, 1467656747258, 40.60009075, -102.35284874, 1135.5, 0.0, 0.0, 3.0
2016/07/04 14:25:48, 1467656748259, 40.60009075, -102.35284874, 1135.5, 0.0, 0.0, 3.0
2016/07/04 14:25:49, 1467656749302, 40.60009076, -102.35284873, 1135.5, 0.0, 0.0, 3.0
2016/07/04 14:25:50, 1467656750274, 40.60009076, -102.35284873, 1135.5, 0.0, 0.0, 3.0
2016/07/04 14:25:51, 1467656751271, 40.60009077, -102.35284873, 1135.5, 0.0, 0.0, 3.0
2016/07/04 14:25:52, 1467656752256, 40.60009078, -102.35284872, 1135.5, 0.0, 0.0, 3.0
2016/07/04 14:25:53, 1467656753256, 40.60009078, -102.35284873, 1135.5, 0.0, 0.0, 3.0
2016/07/04 14:25:54, 1467656754304, 40.60009079, -102.35284872, 1135.5, 0.0, 0.0, 3.0
2016/07/04 14:25:55, 1467656755306, 40.60009081, -102.35284872, 1135.5, 0.0, 0.0, 3.0
2016/07/04 14:25:56, 1467656756259, 40.60009081, -102.35284872, 1135.5, 0.0, 0.0, 3.0
2016/07/04 14:25:57, 1467656757328, 40.60009081, -102.35284872, 1135.5, 0.0, 0.0, 3.0
2016/07/04 14:25:58, 1467656758250, 40.60009083, -102.35284872, 1135.5, 0.0, 0.0, 3.0
2016/07/04 14:25:59, 1467656759257, 40.60009083, -102.35284873, 1135.5, 0.0, 0.0, 3.0
2016/07/04 14:26:00, 1467656760251, 40.60009083, -102.35284873, 1135.5, 0.0, 0.0, 3.0
2016/07/04 14:26:01, 1467656761255, 40.60009083, -102.35284873, 1135.5, 0.0, 0.0, 3.0
2016/07/04 14:26:02, 1467656762251, 40.60009084, -102.35284873, 1135.5, 0.0, 0.0, 3.0
2016/07/04 14:26:03, 1467656763261, 40.60009084, -102.35284873, 1135.5, 0.0, 0.0, 3.0
2016/07/04 14:26:04, 1467656764261, 40.60009084, -102.35284873, 1135.5, 0.0, 0.0, 3.0
2016/07/04 14:26:05, 1467656765268, 40.60009085, -102.35284873, 1135.5, 0.0, 0.0, 3.0
2016/07/04 14:26:06, 1467656766262, 40.60009085, -102.35284873, 1135.5, 0.0, 0.0, 3.0
2016/07/04 14:26:07, 1467656767253, 40.60009085, -102.35284873, 1135.5, 0.0, 0.0, 3.0
2016/07/04 14:26:08, 1467656768266, 40.60009085, -102.35284874, 1135.5, 0.0, 0.0, 3.0
2016/07/04 14:26:09, 1467656769267, 40.60009086, -102.35284874, 1135.5, 0.0, 0.0, 3.0
2016/07/04 14:26:10, 1467656770269, 40.60009088, -102.35284874, 1135.5, 0.0, 0.0, 3.0
2016/07/04 14:26:11, 1467656771274, 40.60009089, -102.35284874, 1135.5, 0.0, 0.0, 3.0
2016/07/04 14:26:12, 1467656772261, 40.6000909, -102.35284874, 1135.5, 0.0, 0.0, 3.0
2016/07/04 14:26:13, 1467656773253, 40.60009091, -102.35284874, 1135.5, 0.0, 0.0, 3.0
2016/07/04 14:26:14, 1467656774292, 40.60009092, -102.35284874, 1135.5, 0.0, 0.0, 3.0
2016/07/04 14:26:15, 1467656775305, 40.60009092, -102.35284874, 1135.5, 0.0, 0.0, 3.0
2016/07/04 14:26:16, 1467656776262, 40.60009094, -102.35284874, 1135.5, 0.0, 0.0, 3.0
2016/07/04 14:26:17, 1467656777262, 40.60009094, -102.35284874, 1135.5, 0.0, 0.0, 3.0
2016/07/04 14:26:18, 1467656778262, 40.60009095, -102.35284873, 1135.5, 0.0, 0.0, 3.0
2016/07/04 14:26:19, 1467656779253, 40.60009095, -102.35284873, 1135.5, 0.0, 0.0, 3.0
2016/07/04 14:26:20, 1467656780258, 40.60009096, -102.35284873, 1135.5, 0.0, 0.0, 3.0
2016/07/04 14:26:21, 1467656781253, 40.60009097, -102.35284873, 1135.5, 0.0, 0.0, 3.0
2016/07/04 14:26:22, 1467656782261, 40.60009098, -102.35284873, 1135.5, 0.0, 0.0, 3.0
2016/07/04 14:26:23, 1467656783263, 40.60009099, -102.35284873, 1135.5, 0.0, 0.0, 3.0
2016/07/04 14:26:24, 1467656784259, 40.60009099, -102.35284873, 1135.5, 0.0, 0.0, 3.0
2016/07/04 14:26:25, 1467656785250, 40.600091, -102.35284873, 1135.5, 0.0, 0.0, 3.0
2016/07/04 14:26:26, 1467656786257, 40.600091, -102.35284873, 1135.5, 0.0, 0.0, 3.0
2016/07/04 14:26:27, 1467656787277, 40.60009101, -102.35284873, 1135.5, 0.0, 0.0, 3.0
2016/07/04 14:26:28, 1467656788250, 40.60009101, -102.35284872, 1135.5, 0.0, 0.0, 3.0
2016/07/04 14:26:29, 1467656789248, 40.60009102, -102.35284873, 1135.5, 0.0, 0.0, 3.0
2016/07/04 14:26:30, 1467656790260, 40.60009103, -102.35284873, 1135.5, 0.0, 0.0, 3.0
2016/07/04 14:26:31, 1467656791253, 40.60009104, -102.35284872, 1135.5, 0.0, 0.0, 3.0
2016/07/04 14:26:32, 1467656792263, 40.60009105, -102.35284873, 1135.5, 0.0, 0.0, 3.0
2016/07/04 14:26:33, 1467656793255, 40.60009106, -102.35284872, 1135.5, 0.0, 0.0, 3.0
2016/07/04 14:26:34, 1467656794255, 40.60009107, -102.35284872, 1135.5, 0.0, 0.0, 3.0
2016/07/04 14:26:35, 1467656795265, 40.60009109, -102.35284872, 1135.5, 0.0, 0.0, 3.0
2016/07/04 14:26:36, 1467656796254, 40.6000911, -102.35284872, 1135.5, 0.0, 0.0, 3.0
2016/07/04 14:26:37, 1467656797278, 40.60009111, -102.35284872, 1135.5, 0.0, 0.0, 3.0
2016/07/04 14:26:38, 1467656798279, 40.60009112, -102.35284872, 1135.5, 0.0, 0.0, 3.0
2016/07/04 14:26:39, 1467656799276, 40.60009112, -102.35284872, 1135.5, 0.0, 0.0, 3.0
2016/07/04 14:26:40, 1467656800261, 40.60009113, -102.35284871, 1135.5, 0.0, 0.0, 3.0
2016/07/04 14:26:41, 1467656801263, 40.60009114, -102.35284871, 1135.5, 0.0, 0.0, 3.0
2016/07/04 14:26:42, 1467656802264, 40.60009114, -102.35284871, 1135.5, 0.0, 0.0, 3.0
2016/07/04 14:26:43, 1467656803314, 40.60009114, -102.3528487, 1135.5, 0.0, 0.0, 3.0
2016/07/04 14:26:44, 1467656804248, 40.60009115, -102.3528487, 1135.5, 0.0, 0.0, 3.0
2016/07/04 14:26:45, 1467656805256, 40.60009116, -102.35284869, 1135.5, 0.0, 0.0, 3.0
2016/07/04 14:26:46, 1467656806259, 40.60009117, -102.35284868, 1135.5, 0.0, 0.0, 3.0
2016/07/04 14:26:47, 1467656807261, 40.60009118, -102.35284868, 1135.5, 0.0, 0.0, 3.0
2016/07/04 14:26:48, 1467656808262, 40.60009118, -102.35284867, 1135.5, 0.0, 0.0, 3.0
2016/07/04 14:26:49, 1467656809263, 40.60009118, -102.35284867, 1135.5, 0.0, 0.0, 3.0
2016/07/04 14:26:50, 1467656810263, 40.60009119, -102.35284866, 1135.5, 0.0, 0.0, 3.0
2016/07/04 14:26:51, 1467656811258, 40.60009119, -102.35284866, 1135.5, 0.0, 0.0, 3.0
2016/07/04 14:26:52, 1467656812268, 40.6000912, -102.35284865, 1135.5, 0.0, 0.0, 3.0
2016/07/04 14:26:53, 1467656813260, 40.60009121, -102.35284865, 1135.5, 0.0, 0.0, 3.0
2016/07/04 14:26:54, 1467656814251, 40.60009122, -102.35284864, 1135.5, 0.0, 0.0, 3.0
2016/07/04 14:26:55, 1467656815250, 40.60009122, -102.35284864, 1135.5, 0.0, 0.0, 3.0
2016/07/04 14:26:56, 1467656816261, 40.60009123, -102.35284865, 1135.5, 0.0, 0.0, 3.0
2016/07/04 14:26:57, 1467656817253, 40.60009123, -102.35284863, 1135.5, 0.0, 0.0, 3.0
2016/07/04 14:26:58, 1467656818308, 40.60009124, -102.35284862, 1135.5, 0.0, 0.0, 3.0
2016/07/04 14:26:59, 1467656819263, 40.60009124, -102.35284861, 1135.5, 0.0, 0.0, 3.0
2016/07/04 14:27:00, 1467656820243, 40.60009125, -102.3528486, 1135.5, 0.0, 0.0, 3.0
2016/07/04 14:27:01, 1467656821265, 40.60009125, -102.35284859, 1135.5, 0.0, 0.0, 3.0
2016/07/04 14:27:02, 1467656822275, 40.60009126, -102.35284859, 1135.5, 0.0, 0.0, 3.0
2016/07/04 14:27:03, 1467656823266, 40.60009126, -102.35284859, 1135.5, 0.0, 0.0, 3.0
2016/07/04 14:27:04, 1467656824250, 40.60009127, -102.35284858, 1135.5, 0.0, 0.0, 3.0
2016/07/04 14:27:05, 1467656825277, 40.60009128, -102.35284857, 1135.5, 0.0, 0.0, 3.0
2016/07/04 14:27:06, 1467656826275, 40.60009129, -102.35284857, 1135.5, 0.0, 0.0, 3.0
2016/07/04 14:27:07, 1467656827254, 40.6000913, -102.35284856, 1135.5, 0.0, 0.0, 3.0
2016/07/04 14:27:08, 1467656828287, 40.60009131, -102.35284856, 1135.5, 0.0, 0.0, 3.0
2016/07/04 14:27:09, 1467656829286, 40.60009132, -102.35284856, 1135.5, 0.0, 0.0, 3.0
2016/07/04 14:27:10, 1467656830265, 40.60009132, -102.35284857, 1135.5, 0.0, 0.0, 3.0
2016/07/04 14:27:11, 1467656831259, 40.60009133, -102.35284857, 1135.5, 0.0, 0.0, 3.0
2016/07/04 14:27:12, 1467656832275, 40.60009134, -102.35284857, 1135.5, 0.0, 0.0, 3.0
2016/07/04 14:27:13, 1467656833266, 40.60009135, -102.35284856, 1135.5, 0.0, 0.0, 3.0
2016/07/04 14:27:14, 1467656834248, 40.60009136, -102.35284856, 1135.5, 0.0, 0.0, 3.0
2016/07/04 14:27:15, 1467656835253, 40.60009137, -102.35284856, 1135.5, 0.0, 0.0, 3.0
2016/07/04 14:27:16, 1467656836255, 40.60009138, -102.35284855, 1135.5, 0.0, 0.0, 3.0
2016/07/04 14:27:17, 1467656837253, 40.60009138, -102.35284855, 1135.5, 0.0, 0.0, 3.0
2016/07/04 14:27:18, 1467656838248, 40.60009138, -102.35284856, 1135.5, 0.0, 0.0, 3.0
2016/07/04 14:27:19, 1467656839258, 40.60009139, -102.35284856, 1135.5, 0.0, 0.0, 3.0
2016/07/04 14:27:20, 1467656840254, 40.60009139, -102.35284856, 1135.5, 0.0, 0.0, 3.0
2016/07/04 14:27:21, 1467656841253, 40.60009139, -102.35284856, 1135.5, 0.0, 0.0, 3.0
2016/07/04 14:27:22, 1467656842268, 40.6000914, -102.35284856, 1135.5, 0.0, 0.0, 3.0
2016/07/04 14:27:23, 1467656843283, 40.6000914, -102.35284856, 1135.5, 0.0, 0.0, 3.0
2016/07/04 14:27:24, 1467656844278, 40.60009141, -102.35284856, 1135.5, 0.0, 0.0, 3.0
2016/07/04 14:27:25, 1467656845275, 40.60009142, -102.35284856, 1135.5, 0.0, 0.0, 3.0
2016/07/04 14:27:26, 1467656846266, 40.60009141, -102.35284856, 1135.5, 0.0, 0.0, 3.0
2016/07/04 14:27:27, 1467656847279, 40.60009142, -102.35284857, 1135.5, 0.0, 0.0, 3.0
2016/07/04 14:27:28, 1467656848309, 40.60009142, -102.35284856, 1135.5, 0.0, 0.0, 3.0
2016/07/04 14:27:29, 1467656849303, 40.60009142, -102.35284856, 1135.5, 0.0, 0.0, 3.0
2016/07/04 14:27:30, 1467656850264, 40.60009142, -102.35284856, 1135.5, 0.0, 0.0, 3.0
2016/07/04 14:27:31, 1467656851259, 40.60009141, -102.35284856, 1135.5, 0.0, 0.0, 3.0
2016/07/04 14:27:32, 1467656852325, 40.60009142, -102.35284856, 1135.5, 0.0, 0.0, 3.0
2016/07/04 14:27:33, 1467656853261, 40.60009141, -102.35284856, 1135.5, 0.0, 0.0, 3.0
2016/07/04 14:27:34, 1467656854260, 40.60009141, -102.35284856, 1135.5, 0.0, 0.0, 3.0
2016/07/04 14:27:35, 1467656855252, 40.60009141, -102.35284856, 1135.5, 0.0, 0.0, 3.0
2016/07/04 14:27:36, 1467656856251, 40.6000914, -102.35284856, 1135.5, 0.0, 0.0, 3.0
2016/07/04 14:27:37, 1467656857251, 40.6000914, -102.35284856, 1135.5, 0.0, 0.0, 3.0
2016/07/04 14:27:38, 1467656858251, 40.60009139, -102.35284855, 1135.5, 0.0, 0.0, 3.0
2016/07/04 14:27:39, 1467656859259, 40.60009139, -102.35284854, 1135.5, 0.0, 0.0, 3.0
2016/07/04 14:27:40, 1467656860282, 40.6000914, -102.35284854, 1135.5, 0.0, 0.0, 3.0
2016/07/04 14:27:41, 1467656861252, 40.60009139, -102.35284852, 1135.5, 0.0, 0.0, 3.0
2016/07/04 14:27:42, 1467656862261, 40.60009138, -102.35284852, 1135.5, 0.0, 0.0, 3.0
2016/07/04 14:27:43, 1467656863277, 40.60009138, -102.35284852, 1135.5, 0.0, 0.0, 3.0
2016/07/04 14:27:44, 1467656864284, 40.60009139, -102.35284851, 1135.5, 0.0, 0.0, 3.0
2016/07/04 14:27:45, 1467656865288, 40.60009139, -102.3528485, 1135.5, 0.0, 0.0, 3.0
2016/07/04 14:27:46, 1467656866247, 40.6000914, -102.35284849, 1135.5, 0.0, 0.0, 3.0
2016/07/04 14:27:47, 1467656867262, 40.6000914, -102.35284848, 1135.5, 0.0, 0.0, 3.0
2016/07/04 14:27:48, 1467656868255, 40.60009139, -102.35284847, 1135.5, 0.0, 0.0, 3.0
2016/07/04 14:27:49, 1467656869252, 40.6000914, -102.35284847, 1135.5, 0.0, 0.0, 3.0
2016/07/04 14:27:50, 1467656870255, 40.6000914, -102.35284847, 1135.5, 0.0, 0.0, 3.0
2016/07/04 14:27:51, 1467656871280, 40.60009141, -102.35284848, 1135.5, 0.0, 0.0, 3.0
2016/07/04 14:27:52, 1467656872271, 40.60009141, -102.35284848, 1135.5, 0.0, 0.0, 3.0
2016/07/04 14:27:53, 1467656873275, 40.60009142, -102.35284847, 1135.5, 0.0, 0.0, 3.0
2016/07/04 14:27:54, 1467656874303, 40.60009142, -102.35284847, 1135.5, 0.0, 0.0, 3.0
2016/07/04 14:27:55, 1467656875271, 40.60009143, -102.35284847, 1135.5, 0.0, 0.0, 3.0
2016/07/04 14:27:56, 1467656876275, 40.60009144, -102.35284846, 1135.5, 0.0, 0.0, 3.0
2016/07/04 14:27:57, 1467656877255, 40.60009298, -102.35284804, 1135.4000244140625, 0.25, 328.6, 3.0
2016/07/04 14:27:58, 1467656878315, 40.60009709, -102.35285109, 1135.0, 0.25, 328.6, 4.0
2016/07/04 14:27:59, 1467656879261, 40.60009405, -102.35284799, 1135.0999755859375, 0.25, 328.6, 3.0
2016/07/04 14:28:00, 1467656880250, 40.60009191, -102.35284875, 1135.199951171875, 0.25, 328.6, 3.0
2016/07/04 14:28:01, 1467656881247, 40.60009471, -102.3528481, 1135.4000244140625, 0.25, 328.6, 3.0
2016/07/04 14:28:02, 1467656882252, 40.60009474, -102.35284728, 1135.5999755859375, 0.0, 0.0, 3.0
2016/07/04 14:28:03, 1467656883267, 40.60009458, -102.35284712, 1135.5, 0.0, 0.0, 3.0
2016/07/04 14:28:04, 1467656884256, 40.60009537, -102.35284775, 1135.699951171875, 0.0, 0.0, 3.0
2016/07/04 14:28:05, 1467656885261, 40.60009603, -102.35284679, 1135.699951171875, 0.0, 0.0, 3.0
2016/07/04 14:28:06, 1467656886251, 40.60009727, -102.35284761, 1135.800048828125, 0.0, 0.0, 3.0
2016/07/04 14:28:07, 1467656887320, 40.60009696, -102.35284774, 1135.5999755859375, 0.0, 0.0, 3.0
2016/07/04 14:28:08, 1467656888251, 40.60009847, -102.35284754, 1135.699951171875, 0.0, 0.0, 3.0
2016/07/04 14:28:09, 1467656889249, 40.60009747, -102.35284759, 1135.4000244140625, 0.0, 0.0, 3.0
2016/07/04 14:28:10, 1467656890251, 40.60009721, -102.35284799, 1135.300048828125, 0.0, 0.0, 3.0
2016/07/04 14:28:11, 1467656891265, 40.60009735, -102.35284898, 1135.300048828125, 0.0, 0.0, 3.0
2016/07/04 14:28:12, 1467656892253, 40.6000975, -102.35284874, 1135.300048828125, 0.0, 0.0, 3.0
2016/07/04 14:28:13, 1467656893251, 40.6000975, -102.3528488, 1135.4000244140625, 0.0, 0.0, 3.0
2016/07/04 14:28:14, 1467656894249, 40.60009748, -102.35284875, 1135.300048828125, 0.0, 0.0, 3.0
2016/07/04 14:28:15, 1467656895276, 40.60009749, -102.35284873, 1135.300048828125, 0.0, 0.0, 3.0
2016/07/04 14:28:16, 1467656896276, 40.60009749, -102.35284874, 1135.300048828125, 0.0, 0.0, 3.0
2016/07/04 14:28:17, 1467656897263, 40.60009751, -102.35284875, 1135.300048828125, 0.0, 0.0, 3.0
2016/07/04 14:28:18, 1467656898248, 40.60009751, -102.35284876, 1135.300048828125, 0.0, 0.0, 3.0
2016/07/04 14:28:19, 1467656899260, 40.60009751, -102.35284877, 1135.300048828125, 0.0, 0.0, 3.0
2016/07/04 14:28:20, 1467656900266, 40.60009751, -102.35284877, 1135.300048828125, 0.0, 0.0, 3.0
2016/07/04 14:28:21, 1467656901248, 40.60009751, -102.35284877, 1135.300048828125, 0.0, 0.0, 3.0
2016/07/04 14:28:22, 1467656902310, 40.60009752, -102.35284878, 1135.300048828125, 0.0, 0.0, 3.0
2016/07/04 14:28:23, 1467656903252, 40.60009752, -102.35284878, 1135.300048828125, 0.0, 0.0, 3.0
2016/07/04 14:28:24, 1467656904284, 40.60009751, -102.35284878, 1135.300048828125, 0.0, 0.0, 3.0
2016/07/04 14:28:25, 1467656905281, 40.60009751, -102.35284878, 1135.300048828125, 0.0, 0.0, 3.0
2016/07/04 14:28:26, 1467656906285, 40.60009751, -102.35284879, 1135.300048828125, 0.0, 0.0, 3.0
2016/07/04 14:28:27, 1467656907258, 40.60009751, -102.35284879, 1135.300048828125, 0.0, 0.0, 3.0
2016/07/04 14:28:28, 1467656908251, 40.6000975, -102.35284879, 1135.300048828125, 0.0, 0.0, 3.0
2016/07/04 14:28:29, 1467656909248, 40.6000975, -102.3528488, 1135.300048828125, 0.0, 0.0, 3.0
2016/07/04 14:28:30, 1467656910255, 40.60009816, -102.35285022, 1135.4000244140625, 0.25, 328.6, 3.0
2016/07/04 14:28:31, 1467656911258, 40.6001006, -102.35285574, 1135.5, 0.5, 328.6, 3.0
2016/07/04 14:28:32, 1467656912256, 40.6001038, -102.35285999, 1135.4000244140625, 0.5, 328.6, 3.0
2016/07/04 14:28:33, 1467656913256, 40.60010742, -102.3528664, 1135.5, 0.75, 328.6, 3.0
2016/07/04 14:28:34, 1467656914250, 40.60011175, -102.35287376, 1135.699951171875, 0.75, 328.6, 3.0
2016/07/04 14:28:35, 1467656915263, 40.60011587, -102.35288066, 1135.9000244140625, 0.75, 328.6, 4.0
2016/07/04 14:28:36, 1467656916250, 40.60012107, -102.352887, 1136.0, 0.75, 313.6, 3.0
2016/07/04 14:28:37, 1467656917278, 40.60012762, -102.3528932, 1135.4000244140625, 0.75, 320.5, 4.0
2016/07/04 14:28:38, 1467656918264, 40.60013565, -102.35289886, 1135.5999755859375, 1.0, 328.6, 4.0
2016/07/04 14:28:39, 1467656919252, 40.60014316, -102.35290332, 1135.5999755859375, 0.75, 333.2, 3.0
2016/07/04 14:28:40, 1467656920296, 40.60014917, -102.35290651, 1135.800048828125, 0.75, 336.8, 3.0
2016/07/04 14:28:41, 1467656921252, 40.6001393, -102.35290285, 1135.9000244140625, 0.75, 166.9, 4.0
2016/07/04 14:28:42, 1467656922251, 40.60012928, -102.35289969, 1135.5999755859375, 1.0, 169.2, 3.0
2016/07/04 14:28:43, 1467656923251, 40.60011717, -102.35289814, 1134.5999755859375, 1.0, 175.8, 3.0
2016/07/04 14:28:44, 1467656924247, 40.600095, -102.35289936, 1134.300048828125, 2.0, 183.0, 3.0
2016/07/04 14:28:45, 1467656925246, 40.60007399, -102.35290373, 1134.5, 2.0, 189.0, 3.0
2016/07/04 14:28:46, 1467656926267, 40.60005314, -102.35290822, 1134.4000244140625, 2.0, 190.7, 3.0
2016/07/04 14:28:47, 1467656927261, 40.60003349, -102.35291175, 1134.199951171875, 2.0, 189.4, 3.0
2016/07/04 14:28:48, 1467656928284, 40.60001504, -102.3529123, 1134.4000244140625, 2.0, 183.7, 3.0
2016/07/04 14:28:49, 1467656929327, 40.59999698, -102.35290995, 1134.199951171875, 2.0, 177.4, 3.0
2016/07/04 14:28:50, 1467656930264, 40.59997974, -102.3529045, 1134.5, 2.0, 170.2, 3.0
2016/07/04 14:28:51, 1467656931279, 40.59996342, -102.35289783, 1134.5, 1.75, 166.6, 3.0
2016/07/04 14:28:52, 1467656932282, 40.59994819, -102.35289207, 1135.0, 1.75, 166.8, 3.0
2016/07/04 14:28:53, 1467656933251, 40.59993921, -102.35289004, 1134.800048828125, 1.25, 170.7, 3.0
2016/07/04 14:28:54, 1467656934288, 40.59993809, -102.35289014, 1134.5999755859375, 0.25, 170.7, 3.0
2016/07/04 14:28:55, 1467656935262, 40.59993808, -102.35289026, 1134.300048828125, 0.0, 0.0, 3.0
2016/07/04 14:28:56, 1467656936257, 40.59993735, -102.35289037, 1134.199951171875, 0.0, 0.0, 3.0
2016/07/04 14:28:57, 1467656937259, 40.59993677, -102.35289059, 1134.199951171875, 0.0, 0.0, 3.0
2016/07/04 14:28:58, 1467656938250, 40.5999365, -102.35289115, 1134.0999755859375, 0.0, 0.0, 3.0
2016/07/04 14:28:59, 1467656939256, 40.59993588, -102.35289162, 1134.0, 0.0, 0.0, 3.0
2016/07/04 14:29:00, 1467656940261, 40.59993529, -102.35289218, 1134.0, 0.0, 0.0, 3.0
2016/07/04 14:29:01, 1467656941246, 40.59993463, -102.35289238, 1133.9000244140625, 0.0, 0.0, 3.0
2016/07/04 14:29:02, 1467656942253, 40.59993401, -102.35289274, 1133.9000244140625, 0.0, 0.0, 3.0
2016/07/04 14:29:03, 1467656943258, 40.59993381, -102.35289343, 1133.9000244140625, 0.0, 0.0, 3.0
2016/07/04 14:29:04, 1467656944268, 40.59993363, -102.35289412, 1134.0, 0.0, 0.0, 3.0
2016/07/04 14:29:05, 1467656945262, 40.5999334, -102.35289456, 1134.0, 0.0, 0.0, 3.0
2016/07/04 14:29:06, 1467656946251, 40.59993325, -102.35289476, 1134.0, 0.0, 0.0, 3.0
2016/07/04 14:29:07, 1467656947263, 40.59993317, -102.35289484, 1134.0, 0.0, 0.0, 3.0
2016/07/04 14:29:08, 1467656948253, 40.59993311, -102.35289487, 1134.0, 0.0, 0.0, 3.0
2016/07/04 14:29:09, 1467656949263, 40.59993308, -102.35289488, 1134.0, 0.0, 0.0, 3.0
2016/07/04 14:29:10, 1467656950255, 40.59993307, -102.35289488, 1134.0, 0.0, 0.0, 3.0
2016/07/04 14:29:11, 1467656951251, 40.59993305, -102.35289484, 1134.0, 0.0, 0.0, 3.0
2016/07/04 14:29:12, 1467656952250, 40.59993303, -102.35289483, 1134.0, 0.0, 0.0, 3.0
2016/07/04 14:29:13, 1467656953254, 40.59993301, -102.35289483, 1134.0, 0.0, 0.0, 3.0
2016/07/04 14:29:14, 1467656954250, 40.59993301, -102.35289482, 1134.0, 0.0, 0.0, 3.0
2016/07/04 14:29:15, 1467656955271, 40.59993301, -102.35289482, 1134.0, 0.0, 0.0, 3.0
2016/07/04 14:29:16, 1467656956266, 40.59993301, -102.35289481, 1134.0, 0.0, 0.0, 3.0
2016/07/04 14:29:17, 1467656957264, 40.59993301, -102.3528948, 1134.0, 0.0, 0.0, 3.0
2016/07/04 14:29:18, 1467656958251, 40.59993302, -102.35289479, 1134.0, 0.0, 0.0, 3.0
2016/07/04 14:29:19, 1467656959268, 40.59993302, -102.35289479, 1134.0, 0.0, 0.0, 3.0
2016/07/04 14:29:20, 1467656960280, 40.59993303, -102.35289479, 1134.0, 0.0, 0.0, 3.0
2016/07/04 14:29:21, 1467656961321, 40.59993304, -102.35289479, 1134.0, 0.0, 0.0, 3.0
2016/07/04 14:29:22, 1467656962254, 40.59993305, -102.35289479, 1134.0, 0.0, 0.0, 3.0
2016/07/04 14:29:23, 1467656963256, 40.59993306, -102.35289479, 1134.0, 0.0, 0.0, 3.0
2016/07/04 14:29:24, 1467656964255, 40.59993307, -102.35289479, 1134.0, 0.0, 0.0, 3.0
2016/07/04 14:29:25, 1467656965258, 40.59993308, -102.35289479, 1134.0, 0.0, 0.0, 3.0
2016/07/04 14:29:26, 1467656966286, 40.59993308, -102.35289479, 1134.0, 0.0, 0.0, 3.0
2016/07/04 14:29:27, 1467656967251, 40.5999331, -102.35289479, 1134.0, 0.0, 0.0, 3.0
2016/07/04 14:29:28, 1467656968253, 40.5999331, -102.35289479, 1134.0, 0.0, 0.0, 3.0
2016/07/04 14:29:29, 1467656969254, 40.5999331, -102.3528948, 1134.0, 0.0, 0.0, 3.0
2016/07/04 14:29:30, 1467656970253, 40.5999331, -102.35289481, 1134.0, 0.0, 0.0, 3.0
2016/07/04 14:29:31, 1467656971251, 40.59993311, -102.35289482, 1134.0, 0.0, 0.0, 3.0
2016/07/04 14:29:32, 1467656972252, 40.59993264, -102.35289474, 1133.800048828125, 0.0, 0.0, 3.0
2016/07/04 14:29:33, 1467656973252, 40.59993492, -102.35289183, 1134.199951171875, 0.25, 170.7, 3.0
2016/07/04 14:29:34, 1467656974258, 40.5999386, -102.35288948, 1134.5, 0.25, 170.7, 3.0
2016/07/04 14:29:35, 1467656975250, 40.59994431, -102.35288894, 1134.5, 0.25, 170.7, 3.0
2016/07/04 14:29:36, 1467656976260, 40.599951, -102.35289079, 1134.199951171875, 0.5, 170.7, 3.0
2016/07/04 14:29:37, 1467656977259, 40.5999629, -102.35289305, 1134.5999755859375, 1.0, 354.1, 3.0
2016/07/04 14:29:38, 1467656978270, 40.59997377, -102.35289331, 1134.0999755859375, 1.0, 1.5, 3.0
2016/07/04 14:29:39, 1467656979276, 40.59998633, -102.3528929, 1133.699951171875, 1.0, 4.4, 4.0
2016/07/04 14:29:40, 1467656980252, 40.59999898, -102.35289064, 1133.800048828125, 1.0, 9.8, 3.0
2016/07/04 14:29:41, 1467656981254, 40.60001121, -102.35288745, 1134.0, 1.0, 13.5, 3.0
2016/07/04 14:29:42, 1467656982252, 40.60002302, -102.35288348, 1133.9000244140625, 1.0, 15.9, 4.0
2016/07/04 14:29:43, 1467656983251, 40.60003233, -102.35287627, 1133.800048828125, 1.0, 27.8, 4.0
2016/07/04 14:29:44, 1467656984254, 40.60003864, -102.35286594, 1133.199951171875, 1.0, 44.9, 3.0
2016/07/04 14:29:45, 1467656985275, 40.60003997, -102.35285338, 1133.199951171875, 1.0, 73.2, 4.0
2016/07/04 14:29:46, 1467656986252, 40.60004065, -102.35284113, 1133.199951171875, 1.0, 81.2, 4.0
2016/07/04 14:29:47, 1467656987252, 40.60004042, -102.3528288, 1133.5, 1.0, 89.6, 4.0
2016/07/04 14:29:48, 1467656988280, 40.60003987, -102.3528164, 1133.4000244140625, 1.0, 91.9, 3.0
2016/07/04 14:29:49, 1467656989330, 40.60003923, -102.35280444, 1133.5, 1.0, 94.0, 3.0
2016/07/04 14:29:50, 1467656990315, 40.60003972, -102.35279278, 1133.5, 1.0, 89.0, 4.0
2016/07/04 14:29:51, 1467656991313, 40.60003843, -102.35278066, 1133.9000244140625, 1.0, 95.8, 3.0
2016/07/04 14:29:52, 1467656992251, 40.60003578, -102.35276875, 1133.800048828125, 1.0, 103.6, 3.0
2016/07/04 14:29:53, 1467656993253, 40.60003198, -102.3527594, 1134.0999755859375, 1.0, 115.1, 3.0
2016/07/04 14:29:54, 1467656994257, 40.60002732, -102.35275286, 1134.0999755859375, 1.0, 127.6, 4.0
2016/07/04 14:29:55, 1467656995256, 40.60002516, -102.35275468, 1134.199951171875, 0.25, 127.6, 4.0
2016/07/04 14:29:56, 1467656996251, 40.60002645, -102.35275996, 1134.199951171875, 0.0, 0.0, 3.0
2016/07/04 14:29:57, 1467656997250, 40.60002735, -102.35276275, 1134.199951171875, 0.0, 0.0, 3.0
2016/07/04 14:29:58, 1467656998252, 40.60002812, -102.35276419, 1134.199951171875, 0.0, 0.0, 3.0
2016/07/04 14:29:59, 1467656999250, 40.60002865, -102.3527647, 1134.300048828125, 0.0, 0.0, 3.0
2016/07/04 14:30:00, 1467657000255, 40.60002925, -102.35276474, 1134.300048828125, 0.0, 0.0, 3.0
2016/07/04 14:30:01, 1467657001249, 40.60002959, -102.35276438, 1134.199951171875, 0.0, 0.0, 3.0
2016/07/04 14:30:02, 1467657002256, 40.60002969, -102.3527642, 1134.300048828125, 0.0, 0.0, 3.0
2016/07/04 14:30:03, 1467657003268, 40.6000292, -102.35276419, 1134.0, 0.0, 0.0, 3.0
2016/07/04 14:30:04, 1467657004249, 40.60002891, -102.35276476, 1134.0, 0.0, 0.0, 3.0
2016/07/04 14:30:05, 1467657005247, 40.60002857, -102.35276405, 1134.0999755859375, 0.0, 0.0, 3.0
2016/07/04 14:30:06, 1467657006264, 40.60002844, -102.35276376, 1134.199951171875, 0.0, 0.0, 3.0
2016/07/04 14:30:07, 1467657007253, 40.60002856, -102.35276358, 1134.199951171875, 0.0, 0.0, 3.0
2016/07/04 14:30:08, 1467657008248, 40.60002951, -102.35276402, 1134.199951171875, 0.0, 0.0, 3.0
2016/07/04 14:30:09, 1467657009249, 40.6000291, -102.35276379, 1134.0999755859375, 0.0, 0.0, 3.0
2016/07/04 14:30:10, 1467657010252, 40.60002861, -102.35276385, 1134.0999755859375, 0.0, 0.0, 3.0
2016/07/04 14:30:11, 1467657011257, 40.60002828, -102.35276393, 1134.0999755859375, 0.0, 0.0, 3.0
% Stopped at 2016/07/04 14:30:11
